306 196.519337
0 31.502000 -8.875000 23.700000
2 31.513000 -6.545000 20.829000
4 30.170000 -5.188000 17.544000
6 28.604000 -7.823000 15.475000
8 28.458000 -8.125000 11.872000
10 26.501000 -9.519000 9.027000
12 26.706000 -9.019000 5.371000
14 23.645000 -10.156000 3.468000
16 23.679000 -11.759000 -0.025000
18 21.951000 -14.831000 -1.921000
19 20.406000 -15.676000 -5.466000
21 18.510000 -12.183000 -4.804000
22 20.423000 -9.465000 -6.860000
24 20.462000 -7.610000 -3.560000
26 22.785000 -7.246000 -0.772000
28 24.111000 -5.472000 2.182000
29 26.819000 -5.013000 4.820000
31 24.640000 -4.486000 8.036000
33 26.103000 -3.483000 11.485000
35 25.400000 -4.123000 15.191000
37 26.923000 -2.059000 18.138000
39 25.891000 -2.883000 21.773000
41 27.304000 -1.541000 25.078000
43 25.800000 -1.970000 28.706000
45 25.186000 -5.545000 29.853000
47 21.825000 -6.403000 28.267000
49 19.481000 -4.247000 26.693000
50 19.900000 -2.010000 23.509000
52 21.262000 -3.455000 20.455000
54 22.012000 -0.537000 18.198000
56 21.607000 -1.784000 14.507000
58 22.344000 0.341000 11.617000
60 23.703000 -0.340000 8.200000
61 22.748000 -0.507000 4.616000
63 21.398000 -2.716000 1.928000
65 21.095000 -2.181000 -1.780000
67 19.627000 -3.493000 -4.946000
68 15.955000 -3.929000 -3.839000
70 12.568000 -3.058000 -4.940000
72 11.120000 -0.155000 -2.927000
74 8.544000 -0.523000 -0.235000
75 8.757000 -2.290000 3.038000
77 10.732000 -5.401000 3.591000
79 10.541000 -7.860000 6.631000
80 13.853000 -7.779000 8.662000
82 14.263000 -10.668000 10.825000
84 16.579000 -13.012000 12.543000
86 16.254000 -16.810000 11.686000
88 17.670000 -19.104000 14.453000
90 19.921000 -21.440000 12.636000
92 23.047000 -20.033000 11.214000
93 23.152000 -22.778000 8.663000
95 23.734000 -20.789000 5.356000
97 23.948000 -24.468000 4.294000
99 21.664000 -24.505000 1.271000
101 20.655000 -20.882000 0.682000
102 18.345000 -19.051000 2.967000
104 16.064000 -22.118000 3.607000
106 18.242000 -23.279000 6.526000
108 18.095000 -20.156000 8.645000
110 14.951000 -21.583000 10.320000
111 11.660000 -19.829000 11.156000
113 12.038000 -16.643000 13.535000
115 14.156000 -16.919000 16.694000
117 11.849000 -18.184000 19.432000
119 13.278000 -19.030000 23.117000
121 9.652000 -19.937000 24.430000
123 7.344000 -20.046000 21.383000
125 5.700000 -16.914000 20.593000
127 3.642000 -15.836000 17.681000
129 4.726000 -12.865000 15.611000
131 4.712000 -9.176000 16.381000
132 6.292000 -5.810000 15.129000
133 9.211000 -4.549000 17.376000
135 6.824000 -2.184000 19.434000
137 4.815000 -5.188000 20.941000
139 5.183000 -7.921000 23.644000
141 3.449000 -10.255000 21.195000
143 6.661000 -10.803000 19.129000
145 9.351000 -13.514000 18.738000
147 12.778000 -12.641000 20.287000
149 14.091000 -12.844000 16.637000
150 11.726000 -10.450000 14.652000
152 13.132000 -6.979000 14.638000
154 11.348000 -4.902000 11.990000
155 10.312000 -4.125000 8.533000
157 12.773000 -1.935000 6.659000
159 12.249000 0.514000 3.879000
161 13.857000 0.403000 0.511000
163 12.996000 3.947000 -0.996000
165 14.087000 4.490000 -4.677000
167 17.112000 2.802000 -6.030000
169 16.889000 0.946000 -2.821000
170 19.430000 2.273000 -0.439000
172 17.276000 0.714000 2.435000
174 19.206000 2.601000 5.123000
176 18.714000 0.740000 8.213000
178 18.543000 2.192000 11.650000
180 16.964000 0.305000 14.643000
182 17.392000 0.193000 18.443000
184 15.850000 -2.979000 19.831000
186 15.964000 -4.060000 23.470000
188 15.110000 -7.734000 23.199000
190 17.677000 -9.063000 20.760000
192 21.093000 -9.059000 22.515000
194 24.760000 -9.482000 21.831000
196 25.903000 -11.624000 24.799000
198 23.785000 -13.959000 26.692000
199 20.259000 -15.128000 26.225000
201 18.816000 -13.592000 23.071000
203 22.067000 -14.604000 21.467000
205 22.000000 -13.795000 17.872000
207 25.722000 -14.337000 17.052000
209 25.954000 -17.231000 14.623000
210 22.218000 -16.748000 13.934000
212 20.923000 -15.410000 10.536000
214 19.477000 -12.149000 9.490000
216 17.062000 -12.285000 6.658000
218 15.714000 -9.266000 4.783000
220 12.609000 -10.495000 2.979000
222 10.742000 -10.007000 -0.338000
224 7.090000 -9.334000 0.560000
226 6.226000 -6.300000 2.883000
228 5.764000 -7.334000 6.621000
230 2.303000 -7.937000 7.748000
232 3.464000 -7.327000 11.405000
234 0.892000 -9.600000 13.183000
235 -2.068000 -7.520000 12.679000
237 -2.827000 -9.505000 9.437000
238 -5.581000 -11.928000 10.617000
239 -4.434000 -15.257000 9.259000
241 -2.150000 -17.862000 10.549000
243 0.519000 -17.232000 7.951000
245 1.149000 -13.896000 9.508000
247 1.459000 -15.229000 13.186000
249 3.884000 -17.708000 11.530000
251 6.054000 -15.150000 9.644000
253 4.301000 -11.885000 9.272000
254 3.673000 -12.843000 5.617000
256 6.826000 -11.501000 4.040000
258 7.267000 -13.899000 1.050000
259 10.877000 -14.761000 0.029000
261 14.095000 -14.746000 2.077000
263 15.925000 -12.563000 -0.581000
265 19.248000 -12.063000 1.081000
267 20.777000 -13.560000 4.063000
269 23.892000 -13.877000 6.053000
270 25.305000 -15.066000 9.347000
272 25.678000 -12.666000 12.238000
274 29.409000 -13.168000 12.717000
275 32.011000 -10.989000 14.583000
277 33.697000 -7.813000 13.094000
279 35.661000 -5.182000 15.155000
281 23.426000 -29.689000 23.036000
283 25.375000 -27.254000 21.013000
285 25.909000 -27.726000 17.284000
287 27.485000 -25.711000 14.494000
289 27.939000 -25.228000 10.860000
291 30.291000 -23.722000 8.318000
293 29.814000 -23.410000 4.518000
295 33.328000 -22.550000 3.616000
297 32.744000 -20.254000 0.604000
299 35.582000 -18.507000 -1.133000
300 35.770000 -16.971000 -4.554000
302 38.205000 -19.418000 -6.133000
303 36.536000 -22.914000 -7.073000
305 36.751000 -24.158000 -3.509000
307 33.384000 -24.637000 -1.930000
309 33.108000 -26.370000 1.422000
310 30.737000 -27.728000 4.252000
312 32.267000 -28.361000 7.803000
314 30.912000 -28.904000 11.295000
316 31.403000 -28.867000 14.985000
318 29.801000 -31.426000 17.339000
320 30.851000 -31.246000 21.161000
322 28.992000 -31.833000 24.439000
324 28.768000 -32.334000 28.160000
326 30.277000 -28.991000 29.239000
328 33.967000 -29.788000 28.565000
330 33.635000 -32.790000 26.065000
331 36.303000 -32.046000 23.214000
333 35.299000 -30.679000 19.869000
335 34.696000 -32.232000 16.595000
337 35.085000 -31.353000 12.927000
339 33.877000 -33.403000 10.005000
341 33.661000 -31.790000 6.701000
342 34.039000 -31.885000 2.775000
344 36.586000 -29.211000 1.664000
346 36.684000 -28.889000 -2.173000
348 38.658000 -28.362000 -5.260000
349 41.677000 -27.790000 -2.847000
351 45.379000 -28.356000 -4.188000
353 46.724000 -31.993000 -3.188000
355 47.810000 -33.410000 0.026000
356 48.233000 -30.554000 2.614000
358 46.252000 -27.484000 3.540000
360 45.962000 -24.936000 6.399000
361 42.933000 -25.312000 8.663000
363 42.375000 -22.442000 10.784000
365 39.838000 -20.408000 12.661000
367 40.477000 -16.639000 12.548000
369 38.938000 -14.526000 15.166000
371 36.735000 -11.694000 13.866000
373 33.927000 -13.201000 11.986000
374 33.921000 -9.971000 9.893000
376 33.818000 -11.209000 6.292000
378 32.991000 -7.952000 4.790000
380 35.875000 -8.208000 2.497000
382 35.424000 -11.950000 2.468000
383 38.269000 -13.907000 4.025000
385 40.673000 -11.029000 4.965000
387 38.610000 -9.216000 7.689000
389 38.821000 -12.315000 9.910000
391 42.272000 -11.285000 11.212000
392 44.659000 -13.480000 13.281000
394 43.922000 -16.990000 14.474000
396 41.489000 -17.112000 17.386000
398 43.763000 -16.297000 19.985000
400 42.608000 -15.099000 23.250000
402 46.079000 -15.824000 25.085000
404 48.826000 -14.310000 22.910000
406 50.616000 -17.521000 22.284000
408 52.793000 -17.993000 19.088000
410 51.798000 -20.353000 16.140000
412 49.959000 -23.327000 16.750000
413 50.674000 -26.739000 15.984000
414 47.701000 -29.207000 15.463000
416 48.942000 -30.304000 19.047000
418 51.804000 -28.063000 20.368000
420 51.751000 -26.860000 23.968000
422 52.198000 -23.344000 22.242000
424 49.376000 -23.313000 19.662000
426 47.249000 -20.230000 18.479000
428 43.709000 -21.574000 19.396000
430 42.516000 -20.947000 15.966000
431 45.045000 -23.158000 13.993000
433 43.919000 -26.712000 13.977000
435 46.683000 -27.538000 11.529000
436 46.391000 -29.260000 8.245000
438 43.993000 -31.288000 6.182000
440 44.570000 -33.851000 3.380000
442 42.934000 -33.166000 0.015000
444 42.922000 -36.765000 -1.454000
446 44.188000 -36.457000 -4.996000
448 41.369000 -34.371000 -6.576000
450 41.137000 -32.258000 -3.613000
451 38.232000 -33.391000 -1.706000
453 39.047000 -33.212000 1.933000
455 36.896000 -35.411000 4.073000
457 37.909000 -34.292000 7.500000
459 37.922000 -35.008000 11.209000
461 39.439000 -33.201000 14.252000
463 38.952000 -33.784000 17.996000
465 40.895000 -31.070000 19.834000
467 40.736000 -29.929000 23.305000
469 40.938000 -26.231000 22.767000
471 38.155000 -25.385000 20.312000
473 35.250000 -25.454000 22.731000
475 32.120000 -23.384000 22.135000
477 30.293000 -22.417000 25.405000
479 31.326000 -21.667000 29.089000
480 33.731000 -18.796000 28.525000
482 35.878000 -18.975000 25.170000
484 33.108000 -19.790000 22.530000
486 34.073000 -19.303000 18.908000
488 30.697000 -18.840000 17.195000
490 30.566000 -15.564000 15.307000
491 34.079000 -16.223000 13.925000
493 35.623000 -17.295000 10.816000
495 37.189000 -20.421000 9.785000
497 39.507000 -19.957000 6.759000
499 41.201000 -22.960000 4.914000
501 44.758000 -21.848000 3.712000
503 46.176000 -22.018000 0.242000
505 49.481000 -23.806000 1.041000
507 51.215000 -26.313000 3.326000
509 50.934000 -25.142000 7.018000
511 54.199000 -25.784000 8.876000
513 53.484000 -25.682000 12.609000
515 55.321000 -22.293000 13.481000
516 58.020000 -23.922000 15.604000
518 59.934000 -23.727000 12.264000
519 61.306000 -20.655000 14.075000
520 60.767000 -17.530000 11.970000
522 58.544000 -14.617000 13.338000
524 56.439000 -15.295000 10.320000
526 56.017000 -19.091000 10.240000
528 54.926000 -18.350000 13.767000
530 52.525000 -15.588000 12.641000
532 50.522000 -17.664000 10.400000
534 52.238000 -21.065000 10.009000
535 53.854000 -20.094000 6.525000
537 50.356000 -20.793000 4.973000
539 49.965000 -18.076000 2.201000
540 46.435000 -17.011000 1.144000
542 43.088000 -17.565000 2.791000
544 41.289000 -19.228000 -0.322000
546 37.794000 -19.548000 1.293000
548 35.922000 -18.862000 4.582000
550 32.825000 -19.345000 6.648000
551 31.246000 -18.260000 9.976000
553 30.744000 -20.791000 12.874000
555 27.175000 -20.204000 13.939000
556 24.670000 -22.542000 15.921000
558 23.544000 -25.303000 13.522000
560 21.078000 -28.190000 13.164000
