395 235.729785
0 35.130000 70.737000 66.045000
2 38.782000 70.121000 65.077000
4 40.274000 68.949000 68.399000
6 37.362000 66.566000 69.098000
8 37.778000 65.053000 65.616000
10 41.462000 64.321000 66.354000
12 40.619000 62.698000 69.713000
14 37.799000 60.656000 68.147000
16 40.151000 59.301000 65.445000
18 42.714000 58.245000 68.082000
20 40.056000 56.628000 70.328000
22 38.489000 54.802000 67.376000
24 41.883000 53.559000 66.186000
26 43.158000 52.100000 69.490000
28 39.792000 50.458000 70.348000
30 39.312000 49.011000 66.843000
32 42.778000 47.428000 67.102000
34 41.576000 45.424000 70.134000
36 38.060000 44.609000 68.818000
38 39.269000 43.664000 65.302000
40 42.182000 41.625000 66.646000
42 39.737000 39.634000 68.797000
44 37.446000 39.165000 65.796000
46 40.282000 38.087000 63.492000
48 41.201000 35.011000 65.608000
50 37.616000 33.895000 66.252000
52 37.128000 34.099000 62.463000
54 40.424000 32.257000 61.981000
56 39.243000 29.428000 64.278000
58 36.057000 28.947000 62.252000
60 38.013000 29.014000 58.933000
62 40.672000 26.513000 60.039000
64 38.168000 24.218000 61.750000
66 34.520000 24.521000 60.717000
68 32.529000 23.300000 63.711000
70 29.292000 24.257000 65.475000
72 31.319000 25.668000 68.401000
74 33.615000 27.914000 66.318000
76 30.548000 28.936000 64.262000
78 28.761000 29.991000 67.478000
80 31.774000 31.893000 68.899000
82 32.207000 33.779000 65.608000
84 28.522000 34.805000 65.418000
86 28.993000 36.104000 68.980000
88 32.207000 37.946000 68.027000
90 30.233000 39.424000 65.119000
92 28.003000 41.000000 67.779000
94 30.921000 42.584000 69.690000
96 32.417000 44.111000 66.526000
98 28.903000 45.304000 65.577000
100 28.695000 47.040000 68.968000
102 32.008000 48.805000 68.361000
104 31.013000 49.844000 64.812000
106 27.643000 51.141000 66.046000
108 29.097000 53.101000 69.001000
110 31.774000 54.835000 66.936000
112 29.739000 55.022000 63.718000
113 26.862000 56.814000 65.477000
115 29.375000 59.241000 67.000000
117 31.183000 59.776000 63.683000
119 27.897000 60.774000 61.999000
121 27.507000 63.729000 64.410000
123 30.744000 65.205000 63.032000
125 30.147000 67.387000 59.998000
127 32.800000 66.050000 57.607000
129 32.508000 69.262000 55.553000
131 33.629000 71.538000 58.408000
133 36.716000 69.396000 59.204000
135 40.063000 71.091000 58.531000
137 42.438000 68.092000 58.545000
139 42.274000 65.952000 55.387000
141 43.372000 62.620000 56.905000
143 41.049000 63.099000 59.907000
145 38.123000 64.041000 57.628000
147 38.717000 60.944000 55.466000
149 38.737000 58.651000 58.520000
151 35.541000 59.960000 60.197000
153 33.649000 59.820000 56.884000
155 34.687000 56.156000 56.510000
157 33.631000 55.435000 60.139000
159 30.185000 56.929000 59.335000
161 29.653000 53.824000 57.161000
163 28.439000 51.189000 59.652000
165 28.183000 48.567000 56.890000
167 26.291000 45.506000 58.204000
169 26.144000 47.028000 61.715000
171 23.596000 49.534000 60.349000
173 21.084000 46.649000 60.329000
175 18.582000 46.343000 63.215000
177 19.687000 43.732000 65.798000
179 17.340000 41.038000 64.413000
181 18.373000 41.546000 60.776000
183 22.038000 41.806000 61.763000
185 22.011000 38.322000 63.333000
187 19.992000 36.851000 60.438000
189 22.403000 38.332000 57.877000
191 25.285000 37.001000 60.014000
193 23.858000 33.482000 60.191000
195 23.046000 33.602000 56.443000
197 26.634000 34.566000 55.533000
199 27.955000 31.815000 57.840000
201 25.537000 29.194000 56.405000
203 26.584000 30.035000 52.821000
205 30.312000 29.756000 53.715000
207 29.832000 26.413000 55.472000
209 27.587000 25.032000 52.724000
211 30.164000 25.882000 50.045000
213 33.106000 24.599000 52.112000
215 31.607000 21.250000 53.221000
217 30.092000 20.406000 49.813000
219 31.083000 17.065000 48.287000
221 30.265000 15.274000 45.055000
223 30.031000 11.484000 45.295000
225 29.523000 8.497000 43.016000
227 27.027000 5.765000 43.989000
229 30.061000 3.566000 44.854000
231 30.470000 5.727000 48.002000
232 33.566000 7.725000 46.965000
234 33.083000 11.465000 47.592000
236 35.035000 14.374000 46.176000
238 35.822000 17.722000 47.786000
240 36.491000 20.729000 45.509000
242 40.167000 20.996000 46.551000
244 42.068000 19.011000 45.579000
246 39.718000 16.366000 44.109000
248 37.203000 18.035000 41.733000
250 39.907000 20.633000 40.935000
252 42.293000 17.929000 39.679000
254 39.574000 16.258000 37.570000
256 38.861000 19.610000 35.888000
258 42.576000 20.180000 35.178000
260 43.761000 16.730000 34.052000
262 40.823000 14.772000 32.669000
264 40.371000 14.827000 28.878000
266 37.134000 12.840000 28.889000
268 34.024000 14.860000 28.027000
270 31.819000 12.795000 30.368000
272 34.185000 12.787000 33.374000
274 34.617000 16.576000 33.180000
276 30.840000 16.938000 32.879000
278 30.281000 14.778000 35.957000
280 32.657000 16.969000 38.036000
282 31.235000 20.185000 36.550000
284 27.532000 19.318000 36.919000
286 28.154000 17.543000 40.221000
287 29.792000 20.597000 41.747000
289 26.907000 22.801000 40.574000
291 24.346000 20.216000 41.755000
293 25.772000 20.071000 45.282000
295 27.260000 23.534000 45.958000
297 25.313000 25.733000 43.528000
298 21.806000 24.396000 44.233000
300 22.352000 24.386000 48.014000
302 23.343000 28.083000 48.057000
304 20.056000 29.148000 46.391000
306 17.875000 28.894000 49.492000
308 19.967000 31.609000 51.192000
310 20.668000 34.088000 48.363000
312 17.471000 36.099000 47.908000
314 17.441000 36.730000 51.701000
316 21.167000 37.671000 51.536000
318 20.550000 40.204000 48.730000
320 17.655000 41.792000 50.689000
322 19.685000 42.177000 53.899000
324 22.993000 43.342000 52.326000
326 21.024000 45.877000 50.264000
328 19.145000 47.086000 53.360000
330 22.418000 47.668000 55.270000
332 23.663000 49.548000 52.198000
334 20.586000 51.820000 52.046000
336 21.044000 52.416000 55.798000
338 24.568000 53.684000 55.097000
340 23.441000 56.134000 52.371000
341 23.809000 53.896000 49.306000
343 21.166000 52.875000 46.744000
345 22.158000 49.173000 47.033000
347 25.034000 46.796000 47.908000
349 26.779000 47.020000 44.509000
350 26.711000 50.794000 44.844000
352 28.436000 50.477000 48.244000
354 30.977000 48.091000 46.687000
356 31.807000 50.335000 43.693000
358 32.370000 53.341000 45.975000
360 35.492000 51.587000 47.392000
362 37.198000 52.827000 44.179000
364 36.098000 56.498000 44.645000
366 35.707000 56.849000 40.897000
368 32.419000 58.161000 39.445000
370 33.604000 57.070000 35.964000
372 34.285000 53.517000 37.242000
374 31.771000 51.540000 35.132000
376 32.754000 53.321000 31.946000
378 36.476000 52.946000 32.792000
380 36.121000 49.173000 33.262000
382 33.939000 48.836000 30.109000
384 36.580000 50.632000 28.008000
386 39.340000 48.470000 29.559000
388 37.339000 45.342000 28.776000
390 36.788000 46.380000 25.132000
392 40.562000 47.084000 24.812000
394 41.278000 43.386000 25.414000
396 38.509000 42.051000 23.164000
398 40.626000 41.312000 20.031000
400 43.219000 39.435000 22.111000
402 40.481000 37.476000 23.917000
404 38.384000 36.616000 20.833000
406 41.483000 35.316000 19.054000
408 42.479000 33.254000 22.086000
410 38.872000 31.965000 22.266000
412 38.868000 31.014000 18.564000
414 42.301000 29.315000 18.813000
416 41.269000 27.207000 21.810000
418 37.853000 26.369000 20.327000
420 39.669000 24.894000 17.316000
422 41.967000 22.917000 19.629000
424 38.972000 21.515000 21.510000
426 37.423000 20.752000 18.099000
428 40.524000 18.666000 17.317000
430 40.451000 16.830000 20.627000
432 36.788000 16.475000 21.663000
434 35.296000 15.982000 18.221000
435 33.404000 17.957000 15.596000
437 30.071000 16.736000 17.044000
439 30.631000 18.383000 20.436000
441 32.361000 21.672000 19.470000
443 30.868000 24.410000 17.318000
445 33.559000 26.394000 15.423000
447 31.223000 29.416000 15.241000
449 29.678000 28.835000 18.655000
450 30.327000 29.078000 22.389000
452 32.795000 26.720000 24.086000
454 31.210000 24.187000 26.527000
456 32.166000 25.519000 29.979000
458 33.658000 22.258000 31.315000
460 36.557000 21.904000 28.844000
462 38.968000 24.672000 29.901000
464 40.913000 22.914000 32.707000
465 39.256000 24.873000 35.505000
467 35.883000 24.504000 37.283000
469 34.651000 28.028000 36.377000
471 36.470000 28.297000 33.012000
473 38.037000 31.434000 34.482000
475 41.608000 30.370000 33.699000
477 42.591000 28.035000 30.840000
479 46.266000 27.209000 31.507000
481 45.569000 23.597000 32.573000
483 44.628000 22.634000 28.975000
485 47.893000 24.098000 27.656000
487 48.786000 20.594000 26.369000
489 45.731000 20.708000 24.102000
491 46.742000 24.072000 22.568000
493 50.587000 24.167000 22.513000
495 51.567000 26.522000 19.639000
497 54.862000 24.674000 19.059000
499 54.800000 21.026000 20.282000
501 58.209000 20.376000 18.647000
503 59.563000 22.423000 21.590000
505 58.650000 20.569000 24.813000
507 58.874000 22.343000 28.182000
509 59.506000 20.511000 31.432000
511 56.632000 19.221000 33.536000
513 56.967000 22.071000 36.095000
515 54.669000 20.232000 38.523000
517 56.552000 16.902000 38.433000
519 59.735000 19.017000 38.489000
521 58.488000 20.486000 41.805000
523 57.549000 17.021000 43.121000
525 60.813000 15.467000 41.836000
527 63.047000 17.880000 43.770000
529 60.795000 17.655000 46.839000
530 59.146000 21.094000 46.908000
532 56.706000 21.574000 49.792000
534 53.977000 24.156000 50.521000
536 56.507000 25.644000 52.996000
538 59.147000 25.888000 50.245000
540 56.724000 27.754000 47.962000
542 56.099000 30.501000 50.573000
544 59.823000 30.524000 51.472000
546 60.529000 31.308000 47.806000
548 57.861000 34.031000 47.727000
550 59.392000 35.494000 50.897000
552 62.759000 35.519000 49.111000
554 61.342000 37.329000 46.047000
556 59.834000 39.945000 48.379000
558 63.131000 40.396000 50.299000
560 65.130000 40.508000 47.037000
562 63.150000 43.647000 46.161000
564 64.261000 45.246000 49.453000
565 60.764000 44.565000 50.847000
567 59.749000 43.224000 54.262000
569 60.226000 39.566000 55.216000
571 57.366000 37.753000 56.950000
573 57.735000 37.704000 60.746000
575 58.943000 34.452000 62.379000
577 55.416000 34.293000 63.914000
579 53.966000 33.889000 60.384000
581 55.553000 30.437000 59.986000
583 54.205000 29.142000 63.341000
585 50.656000 30.393000 62.951000
587 49.805000 30.059000 59.237000
589 47.930000 27.121000 57.730000
591 50.125000 26.560000 54.664000
593 48.647000 23.150000 53.769000
595 45.277000 21.358000 53.967000
597 44.719000 19.727000 57.418000
599 44.741000 15.921000 57.552000
601 43.521000 15.527000 61.151000
603 39.972000 15.083000 59.800000
604 39.094000 18.778000 60.134000
606 36.582000 20.562000 57.935000
608 38.003000 23.881000 56.627000
610 37.444000 26.829000 54.281000
612 39.970000 25.730000 51.645000
614 39.710000 28.819000 49.409000
616 42.835000 30.737000 50.393000
618 43.071000 34.062000 52.220000
620 45.622000 36.324000 53.901000
622 44.994000 37.585000 57.405000
624 45.599000 40.855000 59.207000
626 45.160000 40.520000 62.998000
628 45.566000 44.306000 63.502000
630 48.579000 44.557000 65.836000
632 51.307000 44.933000 63.206000
633 53.024000 41.653000 64.138000
635 50.513000 38.879000 63.439000
637 49.877000 38.233000 59.737000
639 48.982000 34.751000 58.474000
641 48.138000 32.882000 55.289000
643 45.537000 30.093000 55.135000
645 45.962000 27.909000 52.034000
647 45.086000 24.317000 51.048000
649 48.308000 24.288000 49.005000
651 49.040000 21.763000 46.245000
653 52.591000 21.416000 44.888000
655 52.214000 22.822000 41.345000
657 53.001000 26.020000 39.396000
659 49.407000 27.168000 39.920000
661 49.551000 27.351000 43.744000
663 53.076000 28.804000 43.585000
665 51.557000 31.764000 41.743000
667 48.740000 31.717000 44.369000
669 51.241000 31.685000 47.273000
671 52.776000 34.904000 45.828000
673 49.358000 36.531000 45.515000
675 48.830000 35.746000 49.224000
677 52.272000 37.093000 50.157000
679 51.486000 40.345000 48.331000
680 48.438000 40.765000 50.584000
682 50.762000 40.004000 53.502000
684 53.355000 42.500000 52.271000
686 50.593000 45.102000 51.991000
688 49.504000 44.654000 55.644000
690 53.069000 45.170000 56.849000
692 53.743000 48.170000 54.620000
694 50.787000 50.208000 55.900000
696 50.722000 48.737000 59.443000
698 51.532000 52.160000 60.992000
700 48.502000 53.903000 59.484000
702 45.180000 54.396000 61.291000
704 43.168000 51.136000 60.890000
706 40.510000 52.973000 58.850000
708 43.236000 53.705000 56.282000
710 44.844000 50.241000 56.482000
712 43.599000 49.109000 53.051000
714 44.891000 48.964000 49.465000
715 44.787000 52.193000 47.450000
717 41.765000 50.511000 45.929000
719 40.841000 46.806000 46.344000
721 42.531000 46.029000 42.979000
722 45.906000 47.375000 44.214000
724 45.774000 44.792000 47.020000
726 45.178000 41.864000 44.633000
728 47.845000 43.133000 42.195000
730 51.044000 43.093000 44.335000
732 51.791000 39.359000 44.623000
733 50.638000 38.777000 41.037000
735 53.287000 41.293000 39.896000
737 56.187000 39.300000 41.389000
739 54.539000 36.055000 40.207000
741 54.700000 37.352000 36.579000
743 58.504000 37.420000 36.898000
745 58.469000 34.045000 38.732000
747 56.605000 32.347000 35.848000
749 59.205000 33.425000 33.228000
751 61.230000 30.525000 31.748000
753 64.421000 32.312000 32.844000
755 63.380000 32.484000 36.526000
757 61.697000 29.059000 36.510000
759 64.983000 27.644000 35.154000
761 66.795000 29.329000 38.077000
763 64.485000 27.460000 40.473000
765 65.586000 24.279000 38.649000
767 62.002000 23.834000 37.389000
769 63.029000 24.218000 33.728000
771 66.071000 23.441000 31.558000
