387 202.589125
0 -5.504000 -21.921000 10.075000
2 -5.428000 -18.171000 11.294000
4 -7.177000 -20.255000 13.887000
6 -3.594000 -21.576000 13.595000
8 -3.526000 -18.364000 15.725000
10 -3.456000 -20.708000 18.709000
12 -6.761000 -19.642000 20.053000
14 -5.962000 -16.644000 22.365000
16 -2.264000 -17.552000 22.424000
18 -0.087000 -15.033000 20.672000
20 1.355000 -16.723000 17.612000
22 3.205000 -13.531000 17.074000
24 5.118000 -14.633000 13.967000
26 6.589000 -11.166000 14.035000
28 9.454000 -12.019000 16.388000
30 11.143000 -8.591000 16.105000
32 7.676000 -6.963000 16.662000
33 8.095000 -5.670000 13.168000
35 5.347000 -5.660000 10.588000
37 5.511000 -6.406000 7.045000
39 2.311000 -5.170000 5.667000
41 1.224000 -5.485000 2.123000
42 -1.643000 -3.903000 0.412000
44 -3.625000 -5.734000 -2.194000
46 -6.462000 -4.448000 -4.161000
48 -9.731000 -6.007000 -5.152000
50 -9.409000 -4.607000 -8.642000
52 -6.186000 -6.681000 -8.784000
53 -8.318000 -9.723000 -9.750000
55 -9.321000 -8.036000 -13.047000
57 -7.124000 -6.576000 -15.798000
59 -3.795000 -7.021000 -14.027000
61 -4.216000 -10.806000 -13.906000
63 -2.344000 -11.041000 -10.656000
65 -5.313000 -12.189000 -8.835000
67 -5.729000 -12.518000 -5.096000
69 -6.563000 -15.888000 -6.657000
71 -3.998000 -17.364000 -4.534000
73 -1.694000 -18.102000 -7.514000
75 -0.398000 -14.498000 -7.392000
77 -0.682000 -14.105000 -3.725000
79 -0.500000 -17.057000 -1.162000
81 0.754000 -19.621000 -3.807000
83 3.691000 -17.311000 -4.646000
85 4.145000 -17.018000 -0.909000
86 4.449000 -13.684000 0.785000
88 1.775000 -14.844000 3.333000
90 4.352000 -16.048000 5.734000
92 6.590000 -13.080000 5.420000
94 3.742000 -10.608000 5.874000
96 2.066000 -10.114000 9.182000
98 -0.582000 -7.687000 8.057000
100 -2.642000 -7.689000 4.829000
102 -4.517000 -4.561000 3.769000
104 -7.542000 -4.660000 1.561000
106 -8.059000 -1.805000 -0.780000
108 -11.056000 0.386000 -0.502000
110 -14.264000 0.197000 1.351000
111 -15.875000 3.279000 -0.040000
113 -17.324000 6.120000 2.048000
115 -20.384000 8.075000 0.859000
117 -22.084000 10.993000 2.658000
118 -22.988000 9.468000 6.060000
119 -22.886000 5.837000 4.917000
121 -20.021000 3.479000 4.257000
123 -20.159000 1.287000 1.218000
125 -18.038000 -1.404000 -0.276000
127 -17.014000 -0.725000 -3.899000
128 -17.049000 -3.636000 -6.357000
130 -19.365000 -6.124000 -4.598000
132 -18.358000 -8.706000 -7.188000
134 -14.651000 -8.440000 -6.157000
136 -15.386000 -8.804000 -2.416000
138 -18.143000 -11.405000 -2.805000
140 -19.755000 -13.445000 -5.569000
142 -16.878000 -13.693000 -8.022000
144 -16.876000 -17.409000 -8.054000
146 -13.677000 -19.057000 -8.319000
148 -14.139000 -22.320000 -10.257000
150 -13.169000 -25.002000 -7.603000
152 -9.432000 -24.460000 -8.368000
154 -9.796000 -21.336000 -6.316000
156 -13.352000 -22.057000 -4.944000
158 -11.567000 -22.820000 -1.793000
160 -12.685000 -25.615000 0.518000
162 -15.304000 -26.259000 -2.271000
163 -17.998000 -25.260000 0.166000
165 -16.830000 -21.581000 0.200000
167 -17.588000 -20.503000 -3.314000
169 -20.360000 -23.129000 -3.788000
171 -22.738000 -20.242000 -2.543000
173 -23.993000 -22.404000 0.309000
175 -21.161000 -20.990000 2.298000
177 -21.815000 -17.339000 3.030000
179 -18.718000 -15.962000 1.214000
181 -17.293000 -16.435000 -2.299000
183 -14.474000 -14.275000 -3.734000
185 -11.866000 -11.991000 -2.123000
187 -13.158000 -12.328000 1.470000
189 -13.017000 -16.166000 1.473000
191 -9.547000 -15.996000 -0.026000
193 -8.583000 -13.843000 2.925000
195 -10.386000 -16.140000 5.390000
197 -8.605000 -19.029000 3.785000
199 -5.314000 -17.273000 3.596000
201 -5.832000 -16.380000 7.201000
203 -6.580000 -20.170000 7.359000
205 -3.025000 -20.908000 6.020000
207 -1.179000 -18.636000 8.418000
209 -1.735000 -17.603000 12.178000
211 -0.065000 -14.331000 12.063000
213 -1.570000 -12.730000 9.074000
215 -3.882000 -10.095000 10.181000
217 -6.151000 -8.525000 7.525000
219 -7.873000 -5.102000 7.661000
221 -9.712000 -3.045000 5.015000
223 -8.799000 0.397000 4.053000
225 -11.192000 3.199000 3.267000
227 -10.666000 6.004000 0.688000
228 -7.484000 5.457000 -1.335000
229 -7.795000 8.966000 -2.833000
231 -10.329000 7.926000 -5.423000
233 -13.024000 8.440000 -2.759000
235 -11.465000 10.623000 -0.164000
237 -13.983000 13.371000 -1.108000
238 -16.723000 11.760000 1.008000
239 -14.721000 11.301000 4.191000
241 -14.549000 15.075000 5.138000
243 -18.326000 15.104000 4.927000
245 -18.646000 11.881000 6.941000
247 -16.287000 13.586000 9.340000
249 -18.274000 16.843000 9.409000
251 -20.547000 16.196000 12.393000
253 -20.696000 13.802000 15.430000
255 -23.837000 12.170000 13.965000
257 -22.024000 11.404000 10.677000
259 -18.978000 10.137000 12.683000
261 -21.136000 7.792000 14.719000
263 -22.886000 6.448000 11.589000
265 -19.587000 5.905000 9.659000
267 -18.170000 4.274000 12.745000
269 -21.172000 1.951000 13.228000
271 -21.340000 0.969000 9.517000
273 -17.647000 0.280000 9.480000
275 -17.885000 -1.906000 12.514000
277 -20.894000 -3.834000 11.298000
279 -19.229000 -4.811000 8.033000
281 -16.088000 -6.402000 9.814000
283 -18.570000 -7.972000 12.222000
285 -20.248000 -9.617000 9.228000
287 -16.914000 -10.147000 7.501000
289 -15.385000 -11.732000 10.590000
290 -12.275000 -12.091000 8.428000
292 -11.281000 -8.543000 9.216000
294 -9.274000 -8.092000 12.279000
296 -9.634000 -4.313000 12.296000
297 -9.472000 -1.351000 9.933000
299 -7.111000 0.932000 8.108000
301 -8.228000 4.462000 7.663000
303 -6.769000 6.203000 4.733000
305 -7.951000 9.566000 3.710000
307 -5.034000 10.863000 1.734000
309 -6.086000 14.490000 2.676000
311 -6.775000 15.954000 5.950000
313 -7.242000 19.658000 4.898000
315 -5.057000 20.290000 1.839000
317 -4.699000 20.254000 -1.998000
319 -3.887000 16.975000 -3.914000
320 -7.420000 16.050000 -3.004000
322 -9.490000 19.174000 -2.035000
324 -10.695000 19.761000 1.524000
326 -9.805000 22.693000 3.820000
328 -9.673000 23.252000 7.575000
330 -12.316000 21.561000 9.641000
332 -10.468000 18.369000 8.482000
333 -7.892000 17.503000 11.218000
335 -10.245000 17.951000 14.191000
337 -12.756000 15.883000 12.276000
339 -10.081000 13.269000 11.389000
341 -9.128000 12.785000 15.021000
343 -12.763000 12.664000 16.218000
345 -13.384000 9.935000 13.625000
347 -10.332000 7.939000 14.767000
349 -11.606000 8.476000 18.315000
351 -15.058000 7.086000 17.477000
353 -13.530000 4.129000 15.523000
355 -11.181000 2.906000 18.213000
357 -13.889000 3.371000 20.925000
359 -16.281000 1.173000 18.910000
361 -13.608000 -1.510000 18.259000
363 -12.837000 -1.514000 21.966000
364 -16.586000 -2.071000 22.675000
366 -16.744000 -4.876000 20.049000
368 -13.565000 -6.444000 21.466000
370 -11.796000 -6.657000 18.117000
372 -8.242000 -5.544000 17.379000
374 -6.242000 -2.793000 15.699000
376 -7.449000 0.326000 13.973000
378 -4.531000 1.608000 11.826000
380 -3.970000 4.702000 9.639000
382 -2.114000 5.390000 6.386000
384 -0.163000 8.653000 6.367000
386 0.355000 11.586000 4.142000
387 4.113000 12.132000 3.989000
389 4.758000 15.761000 2.748000
391 5.524000 18.294000 5.536000
392 2.376000 20.234000 4.872000
393 0.365000 17.032000 5.385000
395 1.980000 15.898000 8.614000
397 1.884000 19.412000 10.099000
399 -1.711000 19.451000 8.870000
401 -2.553000 16.305000 10.884000
403 -2.295000 16.368000 14.653000
405 0.022000 13.443000 15.074000
407 0.273000 13.161000 18.857000
409 -3.509000 13.011000 19.043000
410 -3.792000 10.595000 16.137000
412 -0.948000 8.305000 17.472000
414 -2.600000 7.831000 20.895000
416 -5.754000 6.570000 19.166000
418 -4.543000 4.603000 16.063000
420 -2.271000 1.578000 17.018000
422 0.138000 2.139000 14.153000
424 0.419000 4.096000 10.976000
426 1.873000 3.520000 7.550000
428 3.952000 6.259000 6.073000
430 3.575000 6.481000 2.302000
432 7.042000 7.460000 1.207000
434 6.370000 7.048000 -2.437000
436 4.986000 8.762000 -5.432000
438 6.923000 12.041000 -4.696000
440 7.971000 12.777000 -8.224000
442 5.838000 11.116000 -10.876000
443 3.914000 11.997000 -14.045000
445 2.119000 14.926000 -12.315000
447 5.378000 16.926000 -12.087000
449 5.352000 17.143000 -15.915000
451 8.019000 18.531000 -18.221000
453 9.851000 20.300000 -15.363000
454 11.830000 17.307000 -14.207000
456 11.882000 13.599000 -13.195000
458 13.001000 13.133000 -9.599000
460 12.929000 9.916000 -7.613000
462 9.789000 8.747000 -5.838000
464 11.254000 7.542000 -2.590000
466 14.612000 8.515000 -1.711000
468 15.421000 7.970000 1.869000
470 17.498000 11.148000 1.999000
472 18.036000 14.388000 0.118000
474 20.148000 14.385000 -2.963000
476 23.175000 16.644000 -2.917000
478 23.592000 17.474000 -6.615000
479 19.852000 18.350000 -6.675000
481 18.107000 20.147000 -3.705000
483 14.910000 20.298000 -5.854000
485 13.782000 17.002000 -4.164000
487 10.109000 17.309000 -3.248000
488 10.427000 16.262000 0.344000
490 11.813000 12.784000 1.214000
492 11.060000 9.777000 3.495000
494 13.693000 11.142000 5.913000
496 11.921000 14.473000 6.226000
498 8.688000 12.577000 6.976000
500 10.206000 10.505000 9.829000
502 12.024000 13.591000 11.170000
504 8.777000 15.609000 11.313000
506 7.138000 12.492000 12.746000
508 9.653000 12.299000 15.587000
510 9.557000 16.102000 16.093000
512 5.885000 15.620000 16.783000
514 5.556000 13.061000 19.643000
515 4.832000 9.786000 17.899000
517 6.732000 6.655000 18.895000
519 9.111000 5.104000 16.269000
521 7.368000 1.921000 17.301000
523 4.087000 3.248000 15.772000
525 5.643000 4.335000 12.520000
527 6.471000 2.030000 9.631000
529 8.054000 2.860000 6.228000
531 6.031000 2.578000 2.980000
532 7.726000 0.925000 0.029000
534 6.643000 1.203000 -3.655000
535 6.462000 -1.788000 -5.993000
537 6.294000 0.659000 -8.831000
539 8.284000 2.620000 -11.060000
540 6.908000 5.788000 -12.327000
542 8.609000 6.726000 -15.467000
543 9.312000 9.583000 -17.645000
545 10.147000 9.640000 -21.360000
547 11.983000 11.981000 -23.747000
548 14.776000 11.851000 -21.265000
550 17.520000 14.297000 -21.632000
552 20.191000 12.249000 -19.868000
554 21.926000 13.389000 -16.678000
556 20.096000 12.276000 -13.602000
558 16.647000 12.941000 -12.179000
560 17.160000 16.764000 -12.134000
561 17.086000 16.558000 -15.952000
562 14.189000 17.369000 -18.279000
564 11.616000 15.026000 -19.751000
566 8.689000 15.169000 -22.126000
568 5.883000 12.689000 -21.657000
569 5.447000 10.362000 -18.716000
571 5.666000 6.920000 -20.557000
573 2.997000 4.243000 -21.000000
575 2.809000 1.757000 -18.165000
576 1.435000 -1.682000 -17.324000
578 -2.006000 -0.155000 -16.637000
580 -2.264000 3.624000 -16.715000
582 0.403000 5.923000 -18.004000
584 3.470000 6.697000 -16.026000
585 3.282000 3.457000 -13.962000
587 4.928000 0.097000 -14.552000
589 4.793000 -2.729000 -12.012000
591 7.797000 -4.260000 -10.289000
593 7.681000 -7.450000 -12.417000
595 7.574000 -5.243000 -15.529000
597 10.644000 -3.144000 -14.588000
599 13.460000 -5.673000 -15.097000
601 15.174000 -4.762000 -18.403000
603 17.157000 -1.511000 -18.573000
605 20.456000 -0.420000 -16.894000
607 20.138000 -0.076000 -13.051000
609 21.582000 2.887000 -11.071000
611 21.308000 2.904000 -7.232000
613 22.337000 6.370000 -5.868000
614 23.236000 5.033000 -2.362000
616 23.231000 8.480000 -0.758000
618 19.570000 9.036000 -1.522000
620 18.807000 5.294000 -1.292000
621 17.097000 5.408000 -4.734000
623 17.071000 3.046000 -7.604000
625 16.651000 4.071000 -11.134000
627 16.856000 2.241000 -14.367000
629 17.740000 4.047000 -17.595000
631 18.085000 3.108000 -21.186000
633 18.672000 5.583000 -24.063000
634 15.676000 7.779000 -23.341000
636 13.638000 6.719000 -20.292000
638 13.674000 7.574000 -16.587000
640 11.953000 5.408000 -14.054000
642 12.018000 5.449000 -10.328000
644 11.935000 2.209000 -8.715000
646 12.714000 0.107000 -5.741000
648 15.348000 -2.646000 -6.128000
650 16.901000 -5.127000 -3.645000
652 19.780000 -2.739000 -2.811000
654 17.430000 0.212000 -2.057000
656 15.125000 -1.919000 -0.029000
658 18.068000 -3.327000 1.994000
660 19.139000 0.297000 2.588000
662 15.557000 1.154000 3.641000
664 15.413000 -1.735000 6.053000
666 18.746000 -0.832000 7.582000
668 17.570000 2.771000 8.029000
670 14.277000 1.596000 9.559000
672 16.249000 -0.695000 11.922000
674 18.625000 2.098000 13.118000
676 15.740000 4.492000 13.796000
678 13.680000 1.615000 15.373000
679 10.792000 1.902000 12.944000
681 8.246000 -0.706000 13.447000
683 8.319000 -2.152000 9.969000
684 7.637000 -1.556000 6.412000
686 4.568000 -1.589000 4.262000
688 4.580000 -1.975000 0.550000
690 2.143000 -0.361000 -1.895000
692 0.845000 -3.276000 -3.988000
694 1.349000 -7.018000 -3.836000
696 0.656000 -7.664000 -7.459000
698 3.571000 -5.632000 -8.672000
699 6.230000 -7.854000 -6.943000
701 8.090000 -10.538000 -8.883000
703 7.854000 -14.351000 -8.633000
705 10.440000 -14.803000 -5.916000
707 9.407000 -11.692000 -4.002000
708 12.635000 -9.758000 -4.298000
710 11.627000 -6.872000 -2.147000
712 9.315000 -8.640000 0.341000
714 11.814000 -11.383000 0.967000
716 14.656000 -8.798000 1.236000
718 12.803000 -6.809000 3.876000
720 12.068000 -9.944000 5.932000
722 15.650000 -11.147000 5.758000
724 17.007000 -7.828000 6.924000
725 14.469000 -7.371000 9.701000
727 15.180000 -10.963000 10.860000
