A.SYSTEM SIZE
228 228 228
B.NUMBER OF ATOMS
146
C.TYPES OF ATOMS
1 1 1.7703 3.75
2 1 1.7703 3.75
3 1 1.7703 3.75
4 1 1.7703 3.75
5 1 1.7703 3.75
6 1 1.7703 3.75
7 1 1.7703 3.75
8 1 1.7703 3.75
9 1 1.7703 3.75
10 1 1.7703 3.75
11 1 1.7703 3.75
12 1 1.7703 3.75
13 1 1.7703 3.75
14 1 1.7703 3.75
15 1 1.7703 3.75
16 1 1.7703 3.75
17 1 1.7703 3.75
18 1 1.7703 3.75
19 1 1.7703 3.75
20 1 1.7703 3.75
21 1 1.7703 3.75
22 1 1.7703 3.75
23 1 1.7703 3.75
24 1 1.7703 3.75
25 1 1.7703 3.75
26 1 1.7703 3.75
27 1 1.7703 3.75
28 1 1.7703 3.75
29 1 1.7703 3.75
30 1 1.7703 3.75
31 1 1.7703 3.75
32 1 1.7703 3.75
33 1 1.7703 3.75
34 1 1.7703 3.75
35 1 1.7703 3.75
36 1 1.7703 3.75
37 1 1.7703 3.75
38 1 1.7703 3.75
39 1 1.7703 3.75
40 1 1.7703 3.75
41 1 1.7703 3.75
42 1 1.7703 3.75
43 1 1.7703 3.75
44 1 1.7703 3.75
45 1 1.7703 3.75
46 1 1.7703 3.75
47 1 1.7703 3.75
48 1 1.7703 3.75
49 1 1.7703 3.75
50 1 1.7703 3.75
51 1 1.7703 3.75
52 1 1.7703 3.75
53 1 1.7703 3.75
54 1 1.7703 3.75
55 1 1.7703 3.75
56 1 1.7703 3.75
57 1 1.7703 3.75
58 1 1.7703 3.75
59 1 1.7703 3.75
60 1 1.7703 3.75
61 1 1.7703 3.75
62 1 1.7703 3.75
63 1 1.7703 3.75
64 1 1.7703 3.75
65 1 1.7703 3.75
66 1 1.7703 3.75
67 1 1.7703 3.75
68 1 1.7703 3.75
69 1 1.7703 3.75
70 1 1.7703 3.75
71 1 1.7703 3.75
72 1 1.7703 3.75
73 1 1.7703 3.75
74 1 1.7703 3.75
75 1 1.7703 3.75
76 1 1.7703 3.75
77 1 1.7703 3.75
78 1 1.7703 3.75
79 1 1 3.75
D.NON-ELASTIC COLLISIONS
1 1 3.5406 3.7 10.0
1 2 3.5406 3.7 10.0
2 2 3.5406 3.7 10.0
1 3 3.5406 3.7 10.0
2 3 3.5406 3.7 10.0
1 4 3.5406 3.7 10.0
2 4 3.5406 3.7 10.0
1 5 3.5406 3.7 10.0
2 5 3.5406 3.7 10.0
1 6 3.5406 3.7 10.0
2 6 3.5406 3.7 10.0
1 7 3.5406 3.7 10.0
2 7 3.5406 3.7 10.0
1 8 3.5406 3.7 10.0
2 8 3.5406 3.7 10.0
1 9 3.5406 3.7 10.0
2 9 3.5406 3.7 10.0
1 10 3.5406 3.7 10.0
2 10 3.5406 3.7 10.0
1 11 3.5406 3.7 10.0
2 11 3.5406 3.7 10.0
1 12 3.5406 3.7 10.0
2 12 3.5406 3.7 10.0
1 13 3.5406 3.7 10.0
2 13 3.5406 3.7 10.0
1 14 3.5406 3.7 10.0
2 14 3.5406 3.7 10.0
1 15 3.5406 3.7 10.0
2 15 3.5406 3.7 10.0
1 16 3.5406 3.7 10.0
2 16 3.5406 3.7 10.0
1 17 3.5406 3.7 10.0
2 17 3.5406 3.7 10.0
1 18 3.5406 3.7 10.0
2 18 3.5406 3.7 10.0
1 19 3.5406 3.7 10.0
2 19 3.5406 3.7 10.0
1 20 3.5406 3.7 10.0
2 20 3.5406 3.7 10.0
1 21 3.5406 3.7 10.0
2 21 3.5406 3.7 10.0
1 22 3.5406 3.7 10.0
2 22 3.5406 3.7 10.0
1 23 3.5406 3.7 10.0
2 23 3.5406 3.7 10.0
1 24 3.5406 3.7 10.0
2 24 3.5406 3.7 10.0
1 25 3.5406 3.7 10.0
2 25 3.5406 3.7 10.0
1 26 3.5406 3.7 10.0
2 26 3.5406 3.7 10.0
1 27 3.5406 3.7 10.0
2 27 3.5406 3.7 10.0
1 28 3.5406 3.7 10.0
2 28 3.5406 3.7 10.0
1 29 3.5406 3.7 10.0
2 29 3.5406 3.7 10.0
1 30 3.5406 3.7 10.0
2 30 3.5406 3.7 10.0
1 31 3.5406 3.7 10.0
2 31 3.5406 3.7 10.0
1 32 3.5406 3.7 10.0
2 32 3.5406 3.7 10.0
1 33 3.5406 3.7 10.0
2 33 3.5406 3.7 10.0
1 34 3.5406 3.7 10.0
2 34 3.5406 3.7 10.0
1 35 3.5406 3.7 10.0
2 35 3.5406 3.7 10.0
1 36 3.5406 3.7 10.0
2 36 3.5406 3.7 10.0
1 37 3.5406 3.7 10.0
2 37 3.5406 3.7 10.0
1 38 3.5406 3.7 10.0
2 38 3.5406 3.7 10.0
1 39 3.5406 3.7 10.0
2 39 3.5406 3.7 10.0
1 40 3.5406 3.7 10.0
2 40 3.5406 3.7 10.0
1 41 3.5406 3.7 10.0
2 41 3.5406 3.7 10.0
1 42 3.5406 3.7 10.0
2 42 3.5406 3.7 10.0
1 43 3.5406 3.7 10.0
2 43 3.5406 3.7 10.0
1 44 3.5406 3.7 10.0
2 44 3.5406 3.7 10.0
1 45 3.5406 3.7 10.0
2 45 3.5406 3.7 10.0
1 46 3.5406 3.7 10.0
2 46 3.5406 3.7 10.0
1 47 3.5406 3.7 10.0
2 47 3.5406 3.7 10.0
1 48 3.5406 3.7 10.0
2 48 3.5406 3.7 10.0
1 49 3.5406 3.7 10.0
2 49 3.5406 3.7 10.0
1 50 3.5406 3.7 10.0
2 50 3.5406 3.7 10.0
1 51 3.5406 3.7 10.0
2 51 3.5406 3.7 10.0
1 52 3.5406 3.7 10.0
2 52 3.5406 3.7 10.0
1 53 3.5406 3.7 10.0
2 53 3.5406 3.7 10.0
1 54 3.5406 3.7 10.0
2 54 3.5406 3.7 10.0
1 55 3.5406 3.7 10.0
2 55 3.5406 3.7 10.0
1 56 3.5406 3.7 10.0
2 56 3.5406 3.7 10.0
1 57 3.5406 3.7 10.0
2 57 3.5406 3.7 10.0
1 58 3.5406 3.7 10.0
2 58 3.5406 3.7 10.0
1 59 3.5406 3.7 10.0
2 59 3.5406 3.7 10.0
1 60 3.5406 3.7 10.0
2 60 3.5406 3.7 10.0
1 61 3.5406 3.7 10.0
2 61 3.5406 3.7 10.0
1 62 3.5406 3.7 10.0
2 62 3.5406 3.7 10.0
1 63 3.5406 3.7 10.0
2 63 3.5406 3.7 10.0
1 64 3.5406 3.7 10.0
2 64 3.5406 3.7 10.0
1 65 3.5406 3.7 10.0
2 65 3.5406 3.7 10.0
1 66 3.5406 3.7 10.0
2 66 3.5406 3.7 10.0
1 67 3.5406 3.7 10.0
2 67 3.5406 3.7 10.0
1 68 3.5406 3.7 10.0
2 68 3.5406 3.7 10.0
1 69 3.5406 3.7 10.0
2 69 3.5406 3.7 10.0
1 70 3.5406 3.7 10.0
2 70 3.5406 3.7 10.0
1 71 3.5406 3.7 10.0
2 71 3.5406 3.7 10.0
1 72 3.5406 3.7 10.0
2 72 3.5406 3.7 10.0
1 73 3.5406 3.7 10.0
2 73 3.5406 3.7 10.0
1 74 3.5406 3.7 10.0
2 74 3.5406 3.7 10.0
1 75 3.5406 3.7 10.0
2 75 3.5406 3.7 10.0
1 76 3.5406 3.7 10.0
2 76 3.5406 3.7 10.0
1 77 3.5406 3.7 10.0
2 77 3.5406 3.7 10.0
1 78 3.5406 3.7 10.0
2 78 3.5406 3.7 10.0
3 4 3.5406 3.7 10.0 
3 5 3.5406 3.7 10.0 
3 6 3.5406 3.7 10.0 7.5 0.2
3 7 3.5406 3.7 10.0 7.5 0.2
3 8 3.5406 3.7 10.0 7.5 0.2
3 9 3.5406 3.7 10.0 7.5 0.2
3 10 3.5406 3.7 10.0 7.5 0.2
3 11 3.5406 3.7 10.0 7.5 0.2
3 13 3.5406 3.7 10.0 7.5 0.2
3 14 3.5406 3.7 10.0 7.5 0.2
3 15 3.5406 3.7 10.0 7.5 0.2
3 16 3.5406 3.7 10.0 7.5 0.2
3 17 3.5406 3.7 10.0 7.5 0.2
3 18 3.5406 3.7 10 7.5 -1.0
3 19 3.5406 3.7 10 7.5 -1.0
3 20 3.5406 3.7 10 7.5 -1.0
3 21 3.5406 3.7 10 7.5 -1.0
3 22 3.5406 3.7 10.0 7.5 0.2
3 23 3.5406 3.7 10.0 7.5 0.2
3 24 3.5406 3.7 10.0 7.5 0.2
3 25 3.5406 3.7 10.0 7.5 0.2
3 26 3.5406 3.7 10.0 7.5 0.2
3 27 3.5406 3.7 10.0 7.5 0.2
3 28 3.5406 3.7 10.0 7.5 0.2
3 29 3.5406 3.7 10.0 7.5 0.2
3 30 3.5406 3.7 10.0 7.5 0.2
3 31 3.5406 3.7 10.0 7.5 0.2
3 32 3.5406 3.7 10.0 7.5 0.2
3 33 3.5406 3.7 10.0 7.5 0.2
3 34 3.5406 3.7 10.0 7.5 0.2
3 35 3.5406 3.7 10.0 7.5 0.2
3 36 3.5406 3.7 10.0 7.5 0.2
3 38 3.5406 3.7 10.0 7.5 0.2
3 39 3.5406 3.7 10.0 7.5 0.2
3 40 3.5406 3.7 10.0 7.5 0.2
3 41 3.5406 3.7 10.0 7.5 0.2
3 42 3.5406 3.7 10.0 7.5 0.2
3 43 3.5406 3.7 10.0 7.5 0.2
3 44 3.5406 3.7 10.0 7.5 0.2
3 45 3.5406 3.7 10.0 7.5 0.2
3 46 3.5406 3.7 10.0 7.5 0.2
3 47 3.5406 3.7 10.0 7.5 0.2
3 48 3.5406 3.7 10.0 7.5 0.2
3 50 3.5406 3.7 10.0 7.5 0.2
3 51 3.5406 3.7 10.0 7.5 0.2
3 52 3.5406 3.7 10.0 7.5 0.2
3 53 3.5406 3.7 10.0 7.5 0.2
3 54 3.5406 3.7 10.0 7.5 0.2
3 56 3.5406 3.7 10.0 7.5 0.2
3 57 3.5406 3.7 10.0 7.5 0.2
3 58 3.5406 3.7 10.0 7.5 0.2
3 59 3.5406 3.7 10.0 7.5 0.2
3 60 3.5406 3.7 10.0 7.5 0.2
3 61 3.5406 3.7 10.0 7.5 0.2
3 62 3.5406 3.7 10.0 7.5 0.2
3 63 3.5406 3.7 10.0 7.5 0.2
3 64 3.5406 3.7 10.0 7.5 0.2
3 65 3.5406 3.7 10 7.5 -1.0
3 66 3.5406 3.7 10.0 7.5 0.2
3 67 3.5406 3.7 10.0 7.5 0.2
3 68 3.5406 3.7 10.0 7.5 0.2
3 69 3.5406 3.7 10.0 7.5 0.2
3 70 3.5406 3.7 10.0 7.5 0.2
3 71 3.5406 3.7 10.0 7.5 0.2
3 72 3.5406 3.7 10.0 7.5 0.2
3 73 3.5406 3.7 10.0 7.5 0.2
3 74 3.5406 3.7 10.0 7.5 0.2
3 75 3.5406 3.7 10.0 7.5 0.2
3 76 3.5406 3.7 10.0 7.5 0.2
4 5 3.5406 3.7 10.0 
4 6 3.5406 3.7 10.0 
4 7 3.5406 3.7 10.0 7.5 0.2
4 8 3.5406 3.7 10.0 7.5 0.2
4 9 3.5406 3.7 10.0 7.5 0.2
4 10 3.5406 3.7 10.0 7.5 0.2
4 11 3.5406 3.7 10.0 7.5 0.2
4 13 3.5406 3.7 10.0 7.5 0.2
4 14 3.5406 3.7 10.0 7.5 0.2
4 15 3.5406 3.7 10.0 7.5 0.2
4 16 3.5406 3.7 10 7.5 -1.0
4 17 3.5406 3.7 10 7.5 -1.0
4 18 3.5406 3.7 10 7.5 -1.0
4 19 3.5406 3.7 10.0 7.5 0.2
4 20 3.5406 3.7 10.0 7.5 0.2
4 21 3.5406 3.7 10.0 7.5 0.2
4 22 3.5406 3.7 10.0 7.5 0.2
4 23 3.5406 3.7 10.0 7.5 0.2
4 24 3.5406 3.7 10.0 7.5 0.2
4 25 3.5406 3.7 10.0 7.5 0.2
4 26 3.5406 3.7 10.0 7.5 0.2
4 27 3.5406 3.7 10.0 7.5 0.2
4 28 3.5406 3.7 10.0 7.5 0.2
4 29 3.5406 3.7 10.0 7.5 0.2
4 30 3.5406 3.7 10.0 7.5 0.2
4 31 3.5406 3.7 10.0 7.5 0.2
4 32 3.5406 3.7 10.0 7.5 0.2
4 33 3.5406 3.7 10.0 7.5 0.2
4 34 3.5406 3.7 10.0 7.5 0.2
4 35 3.5406 3.7 10.0 7.5 0.2
4 36 3.5406 3.7 10.0 7.5 0.2
4 38 3.5406 3.7 10.0 7.5 0.2
4 39 3.5406 3.7 10.0 7.5 0.2
4 40 3.5406 3.7 10.0 7.5 0.2
4 41 3.5406 3.7 10.0 7.5 0.2
4 42 3.5406 3.7 10.0 7.5 0.2
4 43 3.5406 3.7 10.0 7.5 0.2
4 44 3.5406 3.7 10.0 7.5 0.2
4 45 3.5406 3.7 10.0 7.5 0.2
4 46 3.5406 3.7 10.0 7.5 0.2
4 47 3.5406 3.7 10.0 7.5 0.2
4 48 3.5406 3.7 10.0 7.5 0.2
4 50 3.5406 3.7 10.0 7.5 0.2
4 51 3.5406 3.7 10.0 7.5 0.2
4 52 3.5406 3.7 10.0 7.5 0.2
4 53 3.5406 3.7 10.0 7.5 0.2
4 54 3.5406 3.7 10.0 7.5 0.2
4 56 3.5406 3.7 10.0 7.5 0.2
4 57 3.5406 3.7 10.0 7.5 0.2
4 58 3.5406 3.7 10.0 7.5 0.2
4 59 3.5406 3.7 10.0 7.5 0.2
4 60 3.5406 3.7 10.0 7.5 0.2
4 61 3.5406 3.7 10.0 7.5 0.2
4 62 3.5406 3.7 10.0 7.5 0.2
4 63 3.5406 3.7 10.0 7.5 0.2
4 64 3.5406 3.7 10.0 7.5 0.2
4 65 3.5406 3.7 10 7.5 -1.0
4 66 3.5406 3.7 10 7.5 -1.0
4 67 3.5406 3.7 10.0 7.5 0.2
4 68 3.5406 3.7 10.0 7.5 0.2
4 69 3.5406 3.7 10.0 7.5 0.2
4 70 3.5406 3.7 10.0 7.5 0.2
4 71 3.5406 3.7 10.0 7.5 0.2
4 72 3.5406 3.7 10.0 7.5 0.2
4 73 3.5406 3.7 10.0 7.5 0.2
4 74 3.5406 3.7 10.0 7.5 0.2
4 75 3.5406 3.7 10.0 7.5 0.2
4 76 3.5406 3.7 10.0 7.5 0.2
5 6 3.5406 3.7 10.0 
5 7 3.5406 3.7 10.0 
5 8 3.5406 3.7 10.0 7.5 0.2
5 9 3.5406 3.7 10.0 7.5 0.2
5 10 3.5406 3.7 10.0 7.5 0.2
5 11 3.5406 3.7 10.0 7.5 0.2
5 13 3.5406 3.7 10.0 7.5 0.2
5 14 3.5406 3.7 10.0 7.5 0.2
5 15 3.5406 3.7 10.0 7.5 0.2
5 16 3.5406 3.7 10 7.5 -1.0
5 17 3.5406 3.7 10 7.5 -1.0
5 18 3.5406 3.7 10.0 7.5 0.2
5 19 3.5406 3.7 10 7.5 -1.0
5 20 3.5406 3.7 10.0 7.5 0.2
5 21 3.5406 3.7 10.0 7.5 0.2
5 22 3.5406 3.7 10.0 7.5 0.2
5 23 3.5406 3.7 10.0 7.5 0.2
5 24 3.5406 3.7 10.0 7.5 0.2
5 25 3.5406 3.7 10.0 7.5 0.2
5 26 3.5406 3.7 10.0 7.5 0.2
5 27 3.5406 3.7 10.0 7.5 0.2
5 28 3.5406 3.7 10.0 7.5 0.2
5 29 3.5406 3.7 10.0 7.5 0.2
5 30 3.5406 3.7 10.0 7.5 0.2
5 31 3.5406 3.7 10.0 7.5 0.2
5 32 3.5406 3.7 10.0 7.5 0.2
5 33 3.5406 3.7 10.0 7.5 0.2
5 34 3.5406 3.7 10.0 7.5 0.2
5 35 3.5406 3.7 10.0 7.5 0.2
5 36 3.5406 3.7 10.0 7.5 0.2
5 38 3.5406 3.7 10.0 7.5 0.2
5 39 3.5406 3.7 10.0 7.5 0.2
5 40 3.5406 3.7 10.0 7.5 0.2
5 41 3.5406 3.7 10.0 7.5 0.2
5 42 3.5406 3.7 10.0 7.5 0.2
5 43 3.5406 3.7 10.0 7.5 0.2
5 44 3.5406 3.7 10.0 7.5 0.2
5 45 3.5406 3.7 10.0 7.5 0.2
5 46 3.5406 3.7 10.0 7.5 0.2
5 47 3.5406 3.7 10.0 7.5 0.2
5 48 3.5406 3.7 10.0 7.5 0.2
5 50 3.5406 3.7 10.0 7.5 0.2
5 51 3.5406 3.7 10.0 7.5 0.2
5 52 3.5406 3.7 10.0 7.5 0.2
5 53 3.5406 3.7 10.0 7.5 0.2
5 54 3.5406 3.7 10.0 7.5 0.2
5 56 3.5406 3.7 10.0 7.5 0.2
5 57 3.5406 3.7 10.0 7.5 0.2
5 58 3.5406 3.7 10.0 7.5 0.2
5 59 3.5406 3.7 10.0 7.5 0.2
5 60 3.5406 3.7 10.0 7.5 0.2
5 61 3.5406 3.7 10.0 7.5 0.2
5 62 3.5406 3.7 10.0 7.5 0.2
5 63 3.5406 3.7 10 7.5 -1.0
5 64 3.5406 3.7 10.0 7.5 0.2
5 65 3.5406 3.7 10 7.5 -1.0
5 66 3.5406 3.7 10 7.5 -1.0
5 67 3.5406 3.7 10 7.5 -1.0
5 68 3.5406 3.7 10 7.5 -1.0
5 69 3.5406 3.7 10 7.5 -1.0
5 70 3.5406 3.7 10.0 7.5 0.2
5 71 3.5406 3.7 10.0 7.5 0.2
5 72 3.5406 3.7 10.0 7.5 0.2
5 73 3.5406 3.7 10.0 7.5 0.2
5 74 3.5406 3.7 10.0 7.5 0.2
5 75 3.5406 3.7 10.0 7.5 0.2
5 76 3.5406 3.7 10.0 7.5 0.2
6 7 3.5406 3.7 10.0 
6 8 3.5406 3.7 10.0 
6 9 3.5406 3.7 10.0 7.5 0.2
6 10 3.5406 3.7 10.0 7.5 0.2
6 11 3.5406 3.7 10.0 7.5 0.2
6 13 3.5406 3.7 10.0 7.5 0.2
6 14 3.5406 3.7 10 7.5 -1.0
6 15 3.5406 3.7 10 7.5 -1.0
6 16 3.5406 3.7 10 7.5 -1.0
6 17 3.5406 3.7 10.0 7.5 0.2
6 18 3.5406 3.7 10.0 7.5 0.2
6 19 3.5406 3.7 10.0 7.5 0.2
6 20 3.5406 3.7 10.0 7.5 0.2
6 21 3.5406 3.7 10.0 7.5 0.2
6 22 3.5406 3.7 10.0 7.5 0.2
6 23 3.5406 3.7 10.0 7.5 0.2
6 24 3.5406 3.7 10.0 7.5 0.2
6 25 3.5406 3.7 10.0 7.5 0.2
6 26 3.5406 3.7 10.0 7.5 0.2
6 27 3.5406 3.7 10.0 7.5 0.2
6 28 3.5406 3.7 10.0 7.5 0.2
6 29 3.5406 3.7 10.0 7.5 0.2
6 30 3.5406 3.7 10.0 7.5 0.2
6 31 3.5406 3.7 10.0 7.5 0.2
6 32 3.5406 3.7 10.0 7.5 0.2
6 33 3.5406 3.7 10.0 7.5 0.2
6 34 3.5406 3.7 10.0 7.5 0.2
6 35 3.5406 3.7 10.0 7.5 0.2
6 36 3.5406 3.7 10.0 7.5 0.2
6 38 3.5406 3.7 10.0 7.5 0.2
6 39 3.5406 3.7 10.0 7.5 0.2
6 40 3.5406 3.7 10.0 7.5 0.2
6 41 3.5406 3.7 10.0 7.5 0.2
6 42 3.5406 3.7 10.0 7.5 0.2
6 43 3.5406 3.7 10.0 7.5 0.2
6 44 3.5406 3.7 10.0 7.5 0.2
6 45 3.5406 3.7 10.0 7.5 0.2
6 46 3.5406 3.7 10.0 7.5 0.2
6 47 3.5406 3.7 10.0 7.5 0.2
6 48 3.5406 3.7 10.0 7.5 0.2
6 50 3.5406 3.7 10.0 7.5 0.2
6 51 3.5406 3.7 10.0 7.5 0.2
6 52 3.5406 3.7 10.0 7.5 0.2
6 53 3.5406 3.7 10.0 7.5 0.2
6 54 3.5406 3.7 10.0 7.5 0.2
6 56 3.5406 3.7 10.0 7.5 0.2
6 57 3.5406 3.7 10.0 7.5 0.2
6 58 3.5406 3.7 10.0 7.5 0.2
6 59 3.5406 3.7 10.0 7.5 0.2
6 60 3.5406 3.7 10.0 7.5 0.2
6 61 3.5406 3.7 10.0 7.5 0.2
6 62 3.5406 3.7 10.0 7.5 0.2
6 63 3.5406 3.7 10.0 7.5 0.2
6 64 3.5406 3.7 10.0 7.5 0.2
6 65 3.5406 3.7 10.0 7.5 0.2
6 66 3.5406 3.7 10 7.5 -1.0
6 67 3.5406 3.7 10 7.5 -1.0
6 68 3.5406 3.7 10 7.5 -1.0
6 69 3.5406 3.7 10 7.5 -1.0
6 70 3.5406 3.7 10.0 7.5 0.2
6 71 3.5406 3.7 10.0 7.5 0.2
6 72 3.5406 3.7 10.0 7.5 0.2
6 73 3.5406 3.7 10.0 7.5 0.2
6 74 3.5406 3.7 10.0 7.5 0.2
6 75 3.5406 3.7 10.0 7.5 0.2
6 76 3.5406 3.7 10.0 7.5 0.2
7 8 3.5406 3.7 10.0 
7 9 3.5406 3.7 10.0 
7 10 3.5406 3.7 10.0 7.5 0.2
7 11 3.5406 3.7 10.0 7.5 0.2
7 13 3.5406 3.7 10.0 7.5 0.2
7 14 3.5406 3.7 10 7.5 -1.0
7 15 3.5406 3.7 10 7.5 -1.0
7 16 3.5406 3.7 10.0 7.5 0.2
7 17 3.5406 3.7 10 7.5 -1.0
7 18 3.5406 3.7 10.0 7.5 0.2
7 19 3.5406 3.7 10.0 7.5 0.2
7 20 3.5406 3.7 10.0 7.5 0.2
7 21 3.5406 3.7 10.0 7.5 0.2
7 22 3.5406 3.7 10.0 7.5 0.2
7 23 3.5406 3.7 10.0 7.5 0.2
7 24 3.5406 3.7 10.0 7.5 0.2
7 25 3.5406 3.7 10.0 7.5 0.2
7 26 3.5406 3.7 10.0 7.5 0.2
7 27 3.5406 3.7 10.0 7.5 0.2
7 28 3.5406 3.7 10.0 7.5 0.2
7 29 3.5406 3.7 10.0 7.5 0.2
7 30 3.5406 3.7 10.0 7.5 0.2
7 31 3.5406 3.7 10.0 7.5 0.2
7 32 3.5406 3.7 10 7.5 -1.0
7 33 3.5406 3.7 10.0 7.5 0.2
7 34 3.5406 3.7 10.0 7.5 0.2
7 35 3.5406 3.7 10.0 7.5 0.2
7 36 3.5406 3.7 10.0 7.5 0.2
7 38 3.5406 3.7 10.0 7.5 0.2
7 39 3.5406 3.7 10.0 7.5 0.2
7 40 3.5406 3.7 10.0 7.5 0.2
7 41 3.5406 3.7 10.0 7.5 0.2
7 42 3.5406 3.7 10.0 7.5 0.2
7 43 3.5406 3.7 10.0 7.5 0.2
7 44 3.5406 3.7 10.0 7.5 0.2
7 45 3.5406 3.7 10.0 7.5 0.2
7 46 3.5406 3.7 10.0 7.5 0.2
7 47 3.5406 3.7 10.0 7.5 0.2
7 48 3.5406 3.7 10.0 7.5 0.2
7 50 3.5406 3.7 10.0 7.5 0.2
7 51 3.5406 3.7 10.0 7.5 0.2
7 52 3.5406 3.7 10.0 7.5 0.2
7 53 3.5406 3.7 10.0 7.5 0.2
7 54 3.5406 3.7 10.0 7.5 0.2
7 56 3.5406 3.7 10.0 7.5 0.2
7 57 3.5406 3.7 10.0 7.5 0.2
7 58 3.5406 3.7 10.0 7.5 0.2
7 59 3.5406 3.7 10.0 7.5 0.2
7 60 3.5406 3.7 10.0 7.5 0.2
7 61 3.5406 3.7 10.0 7.5 0.2
7 62 3.5406 3.7 10.0 7.5 0.2
7 63 3.5406 3.7 10.0 7.5 0.2
7 64 3.5406 3.7 10.0 7.5 0.2
7 65 3.5406 3.7 10.0 7.5 0.2
7 66 3.5406 3.7 10.0 7.5 0.2
7 67 3.5406 3.7 10.0 7.5 0.2
7 68 3.5406 3.7 10 7.5 -1.0
7 69 3.5406 3.7 10 7.5 -1.0
7 70 3.5406 3.7 10.0 7.5 0.2
7 71 3.5406 3.7 10 7.5 -1.0
7 72 3.5406 3.7 10.0 7.5 0.2
7 73 3.5406 3.7 10.0 7.5 0.2
7 74 3.5406 3.7 10.0 7.5 0.2
7 75 3.5406 3.7 10.0 7.5 0.2
7 76 3.5406 3.7 10.0 7.5 0.2
8 9 3.5406 3.7 10.0 
8 10 3.5406 3.7 10.0 
8 11 3.5406 3.7 10.0 7.5 0.2
8 13 3.5406 3.7 10.0 7.5 0.2
8 14 3.5406 3.7 10 7.5 -1.0
8 15 3.5406 3.7 10.0 7.5 0.2
8 16 3.5406 3.7 10.0 7.5 0.2
8 17 3.5406 3.7 10.0 7.5 0.2
8 18 3.5406 3.7 10.0 7.5 0.2
8 19 3.5406 3.7 10.0 7.5 0.2
8 20 3.5406 3.7 10.0 7.5 0.2
8 21 3.5406 3.7 10.0 7.5 0.2
8 22 3.5406 3.7 10.0 7.5 0.2
8 23 3.5406 3.7 10.0 7.5 0.2
8 24 3.5406 3.7 10.0 7.5 0.2
8 25 3.5406 3.7 10.0 7.5 0.2
8 26 3.5406 3.7 10.0 7.5 0.2
8 27 3.5406 3.7 10.0 7.5 0.2
8 28 3.5406 3.7 10.0 7.5 0.2
8 29 3.5406 3.7 10.0 7.5 0.2
8 30 3.5406 3.7 10.0 7.5 0.2
8 31 3.5406 3.7 10.0 7.5 0.2
8 32 3.5406 3.7 10.0 7.5 0.2
8 33 3.5406 3.7 10.0 7.5 0.2
8 34 3.5406 3.7 10.0 7.5 0.2
8 35 3.5406 3.7 10.0 7.5 0.2
8 36 3.5406 3.7 10.0 7.5 0.2
8 38 3.5406 3.7 10.0 7.5 0.2
8 39 3.5406 3.7 10.0 7.5 0.2
8 40 3.5406 3.7 10.0 7.5 0.2
8 41 3.5406 3.7 10.0 7.5 0.2
8 42 3.5406 3.7 10.0 7.5 0.2
8 43 3.5406 3.7 10.0 7.5 0.2
8 44 3.5406 3.7 10.0 7.5 0.2
8 45 3.5406 3.7 10.0 7.5 0.2
8 46 3.5406 3.7 10.0 7.5 0.2
8 47 3.5406 3.7 10.0 7.5 0.2
8 48 3.5406 3.7 10.0 7.5 0.2
8 50 3.5406 3.7 10.0 7.5 0.2
8 51 3.5406 3.7 10.0 7.5 0.2
8 52 3.5406 3.7 10.0 7.5 0.2
8 53 3.5406 3.7 10.0 7.5 0.2
8 54 3.5406 3.7 10.0 7.5 0.2
8 56 3.5406 3.7 10.0 7.5 0.2
8 57 3.5406 3.7 10.0 7.5 0.2
8 58 3.5406 3.7 10.0 7.5 0.2
8 59 3.5406 3.7 10.0 7.5 0.2
8 60 3.5406 3.7 10.0 7.5 0.2
8 61 3.5406 3.7 10.0 7.5 0.2
8 62 3.5406 3.7 10.0 7.5 0.2
8 63 3.5406 3.7 10.0 7.5 0.2
8 64 3.5406 3.7 10.0 7.5 0.2
8 65 3.5406 3.7 10.0 7.5 0.2
8 66 3.5406 3.7 10.0 7.5 0.2
8 67 3.5406 3.7 10.0 7.5 0.2
8 68 3.5406 3.7 10 7.5 -1.0
8 69 3.5406 3.7 10 7.5 -1.0
8 70 3.5406 3.7 10 7.5 -1.0
8 71 3.5406 3.7 10 7.5 -1.0
8 72 3.5406 3.7 10.0 7.5 0.2
8 73 3.5406 3.7 10.0 7.5 0.2
8 74 3.5406 3.7 10.0 7.5 0.2
8 75 3.5406 3.7 10.0 7.5 0.2
8 76 3.5406 3.7 10.0 7.5 0.2
9 10 3.5406 3.7 10.0 
9 11 3.5406 3.7 10.0 
9 13 3.5406 3.7 10 7.5 -1.0
9 14 3.5406 3.7 10 7.5 -1.0
9 15 3.5406 3.7 10 7.5 -1.0
9 16 3.5406 3.7 10.0 7.5 0.2
9 17 3.5406 3.7 10.0 7.5 0.2
9 18 3.5406 3.7 10.0 7.5 0.2
9 19 3.5406 3.7 10.0 7.5 0.2
9 20 3.5406 3.7 10.0 7.5 0.2
9 21 3.5406 3.7 10.0 7.5 0.2
9 22 3.5406 3.7 10.0 7.5 0.2
9 23 3.5406 3.7 10.0 7.5 0.2
9 24 3.5406 3.7 10.0 7.5 0.2
9 25 3.5406 3.7 10.0 7.5 0.2
9 26 3.5406 3.7 10.0 7.5 0.2
9 27 3.5406 3.7 10.0 7.5 0.2
9 28 3.5406 3.7 10.0 7.5 0.2
9 29 3.5406 3.7 10.0 7.5 0.2
9 30 3.5406 3.7 10.0 7.5 0.2
9 31 3.5406 3.7 10.0 7.5 0.2
9 32 3.5406 3.7 10.0 7.5 0.2
9 33 3.5406 3.7 10.0 7.5 0.2
9 34 3.5406 3.7 10.0 7.5 0.2
9 35 3.5406 3.7 10.0 7.5 0.2
9 36 3.5406 3.7 10.0 7.5 0.2
9 38 3.5406 3.7 10.0 7.5 0.2
9 39 3.5406 3.7 10.0 7.5 0.2
9 40 3.5406 3.7 10.0 7.5 0.2
9 41 3.5406 3.7 10.0 7.5 0.2
9 42 3.5406 3.7 10.0 7.5 0.2
9 43 3.5406 3.7 10.0 7.5 0.2
9 44 3.5406 3.7 10.0 7.5 0.2
9 45 3.5406 3.7 10.0 7.5 0.2
9 46 3.5406 3.7 10.0 7.5 0.2
9 47 3.5406 3.7 10.0 7.5 0.2
9 48 3.5406 3.7 10.0 7.5 0.2
9 50 3.5406 3.7 10.0 7.5 0.2
9 51 3.5406 3.7 10.0 7.5 0.2
9 52 3.5406 3.7 10.0 7.5 0.2
9 53 3.5406 3.7 10.0 7.5 0.2
9 54 3.5406 3.7 10.0 7.5 0.2
9 56 3.5406 3.7 10.0 7.5 0.2
9 57 3.5406 3.7 10.0 7.5 0.2
9 58 3.5406 3.7 10.0 7.5 0.2
9 59 3.5406 3.7 10.0 7.5 0.2
9 60 3.5406 3.7 10.0 7.5 0.2
9 61 3.5406 3.7 10.0 7.5 0.2
9 62 3.5406 3.7 10.0 7.5 0.2
9 63 3.5406 3.7 10.0 7.5 0.2
9 64 3.5406 3.7 10.0 7.5 0.2
9 65 3.5406 3.7 10.0 7.5 0.2
9 66 3.5406 3.7 10.0 7.5 0.2
9 67 3.5406 3.7 10.0 7.5 0.2
9 68 3.5406 3.7 10.0 7.5 0.2
9 69 3.5406 3.7 10.0 7.5 0.2
9 70 3.5406 3.7 10.0 7.5 0.2
9 71 3.5406 3.7 10 7.5 -1.0
9 72 3.5406 3.7 10.0 7.5 0.2
9 73 3.5406 3.7 10.0 7.5 0.2
9 74 3.5406 3.7 10.0 7.5 0.2
9 75 3.5406 3.7 10.0 7.5 0.2
9 76 3.5406 3.7 10.0 7.5 0.2
10 11 3.5406 3.7 10.0 
10 13 3.5406 3.7 10.0 7.5 0.2
10 14 3.5406 3.7 10.0 7.5 0.2
10 15 3.5406 3.7 10.0 7.5 0.2
10 16 3.5406 3.7 10.0 7.5 0.2
10 17 3.5406 3.7 10.0 7.5 0.2
10 18 3.5406 3.7 10.0 7.5 0.2
10 19 3.5406 3.7 10.0 7.5 0.2
10 20 3.5406 3.7 10.0 7.5 0.2
10 21 3.5406 3.7 10.0 7.5 0.2
10 22 3.5406 3.7 10.0 7.5 0.2
10 23 3.5406 3.7 10.0 7.5 0.2
10 24 3.5406 3.7 10.0 7.5 0.2
10 25 3.5406 3.7 10.0 7.5 0.2
10 26 3.5406 3.7 10.0 7.5 0.2
10 27 3.5406 3.7 10.0 7.5 0.2
10 28 3.5406 3.7 10.0 7.5 0.2
10 29 3.5406 3.7 10.0 7.5 0.2
10 30 3.5406 3.7 10.0 7.5 0.2
10 31 3.5406 3.7 10.0 7.5 0.2
10 32 3.5406 3.7 10.0 7.5 0.2
10 33 3.5406 3.7 10.0 7.5 0.2
10 34 3.5406 3.7 10.0 7.5 0.2
10 35 3.5406 3.7 10.0 7.5 0.2
10 36 3.5406 3.7 10.0 7.5 0.2
10 38 3.5406 3.7 10.0 7.5 0.2
10 39 3.5406 3.7 10.0 7.5 0.2
10 40 3.5406 3.7 10.0 7.5 0.2
10 41 3.5406 3.7 10.0 7.5 0.2
10 42 3.5406 3.7 10.0 7.5 0.2
10 43 3.5406 3.7 10.0 7.5 0.2
10 44 3.5406 3.7 10.0 7.5 0.2
10 45 3.5406 3.7 10.0 7.5 0.2
10 46 3.5406 3.7 10.0 7.5 0.2
10 47 3.5406 3.7 10.0 7.5 0.2
10 48 3.5406 3.7 10.0 7.5 0.2
10 50 3.5406 3.7 10.0 7.5 0.2
10 51 3.5406 3.7 10.0 7.5 0.2
10 52 3.5406 3.7 10.0 7.5 0.2
10 53 3.5406 3.7 10.0 7.5 0.2
10 54 3.5406 3.7 10.0 7.5 0.2
10 56 3.5406 3.7 10.0 7.5 0.2
10 57 3.5406 3.7 10.0 7.5 0.2
10 58 3.5406 3.7 10.0 7.5 0.2
10 59 3.5406 3.7 10.0 7.5 0.2
10 60 3.5406 3.7 10.0 7.5 0.2
10 61 3.5406 3.7 10.0 7.5 0.2
10 62 3.5406 3.7 10.0 7.5 0.2
10 63 3.5406 3.7 10.0 7.5 0.2
10 64 3.5406 3.7 10.0 7.5 0.2
10 65 3.5406 3.7 10.0 7.5 0.2
10 66 3.5406 3.7 10.0 7.5 0.2
10 67 3.5406 3.7 10.0 7.5 0.2
10 68 3.5406 3.7 10.0 7.5 0.2
10 69 3.5406 3.7 10.0 7.5 0.2
10 70 3.5406 3.7 10.0 7.5 0.2
10 71 3.5406 3.7 10 7.5 -1.0
10 72 3.5406 3.7 10 7.5 -1.0
10 73 3.5406 3.7 10 7.5 -1.0
10 74 3.5406 3.7 10.0 7.5 0.2
10 75 3.5406 3.7 10.0 7.5 0.2
10 76 3.5406 3.7 10.0 7.5 0.2
11 13 3.5406 3.7 10.0 
11 14 3.5406 3.7 10.0 7.5 0.2
11 15 3.5406 3.7 10.0 7.5 0.2
11 16 3.5406 3.7 10.0 7.5 0.2
11 17 3.5406 3.7 10.0 7.5 0.2
11 18 3.5406 3.7 10.0 7.5 0.2
11 19 3.5406 3.7 10.0 7.5 0.2
11 20 3.5406 3.7 10.0 7.5 0.2
11 21 3.5406 3.7 10.0 7.5 0.2
11 22 3.5406 3.7 10.0 7.5 0.2
11 23 3.5406 3.7 10.0 7.5 0.2
11 24 3.5406 3.7 10.0 7.5 0.2
11 25 3.5406 3.7 10.0 7.5 0.2
11 26 3.5406 3.7 10.0 7.5 0.2
11 27 3.5406 3.7 10.0 7.5 0.2
11 28 3.5406 3.7 10.0 7.5 0.2
11 29 3.5406 3.7 10.0 7.5 0.2
11 30 3.5406 3.7 10.0 7.5 0.2
11 31 3.5406 3.7 10.0 7.5 0.2
11 32 3.5406 3.7 10.0 7.5 0.2
11 33 3.5406 3.7 10.0 7.5 0.2
11 34 3.5406 3.7 10.0 7.5 0.2
11 35 3.5406 3.7 10.0 7.5 0.2
11 36 3.5406 3.7 10.0 7.5 0.2
11 38 3.5406 3.7 10.0 7.5 0.2
11 39 3.5406 3.7 10.0 7.5 0.2
11 40 3.5406 3.7 10.0 7.5 0.2
11 41 3.5406 3.7 10.0 7.5 0.2
11 42 3.5406 3.7 10.0 7.5 0.2
11 43 3.5406 3.7 10.0 7.5 0.2
11 44 3.5406 3.7 10.0 7.5 0.2
11 45 3.5406 3.7 10.0 7.5 0.2
11 46 3.5406 3.7 10.0 7.5 0.2
11 47 3.5406 3.7 10.0 7.5 0.2
11 48 3.5406 3.7 10.0 7.5 0.2
11 50 3.5406 3.7 10.0 7.5 0.2
11 51 3.5406 3.7 10.0 7.5 0.2
11 52 3.5406 3.7 10.0 7.5 0.2
11 53 3.5406 3.7 10.0 7.5 0.2
11 54 3.5406 3.7 10.0 7.5 0.2
11 56 3.5406 3.7 10.0 7.5 0.2
11 57 3.5406 3.7 10.0 7.5 0.2
11 58 3.5406 3.7 10.0 7.5 0.2
11 59 3.5406 3.7 10.0 7.5 0.2
11 60 3.5406 3.7 10.0 7.5 0.2
11 61 3.5406 3.7 10.0 7.5 0.2
11 62 3.5406 3.7 10.0 7.5 0.2
11 63 3.5406 3.7 10.0 7.5 0.2
11 64 3.5406 3.7 10.0 7.5 0.2
11 65 3.5406 3.7 10.0 7.5 0.2
11 66 3.5406 3.7 10.0 7.5 0.2
11 67 3.5406 3.7 10.0 7.5 0.2
11 68 3.5406 3.7 10.0 7.5 0.2
11 69 3.5406 3.7 10.0 7.5 0.2
11 70 3.5406 3.7 10.0 7.5 0.2
11 71 3.5406 3.7 10.0 7.5 0.2
11 72 3.5406 3.7 10.0 7.5 0.2
11 73 3.5406 3.7 10.0 7.5 0.2
11 74 3.5406 3.7 10.0 7.5 0.2
11 75 3.5406 3.7 10.0 7.5 0.2
11 76 3.5406 3.7 10.0 7.5 0.2
13 14 3.5406 3.7 10.0 
13 15 3.5406 3.7 10.0 
13 16 3.5406 3.7 10.0 7.5 0.2
13 17 3.5406 3.7 10.0 7.5 0.2
13 18 3.5406 3.7 10.0 7.5 0.2
13 19 3.5406 3.7 10.0 7.5 0.2
13 20 3.5406 3.7 10.0 7.5 0.2
13 21 3.5406 3.7 10.0 7.5 0.2
13 22 3.5406 3.7 10.0 7.5 0.2
13 23 3.5406 3.7 10.0 7.5 0.2
13 24 3.5406 3.7 10.0 7.5 0.2
13 25 3.5406 3.7 10.0 7.5 0.2
13 26 3.5406 3.7 10.0 7.5 0.2
13 27 3.5406 3.7 10.0 7.5 0.2
13 28 3.5406 3.7 10.0 7.5 0.2
13 29 3.5406 3.7 10.0 7.5 0.2
13 30 3.5406 3.7 10.0 7.5 0.2
13 31 3.5406 3.7 10.0 7.5 0.2
13 32 3.5406 3.7 10.0 7.5 0.2
13 33 3.5406 3.7 10.0 7.5 0.2
13 34 3.5406 3.7 10.0 7.5 0.2
13 35 3.5406 3.7 10.0 7.5 0.2
13 36 3.5406 3.7 10.0 7.5 0.2
13 38 3.5406 3.7 10.0 7.5 0.2
13 39 3.5406 3.7 10.0 7.5 0.2
13 40 3.5406 3.7 10.0 7.5 0.2
13 41 3.5406 3.7 10.0 7.5 0.2
13 42 3.5406 3.7 10.0 7.5 0.2
13 43 3.5406 3.7 10.0 7.5 0.2
13 44 3.5406 3.7 10.0 7.5 0.2
13 45 3.5406 3.7 10.0 7.5 0.2
13 46 3.5406 3.7 10.0 7.5 0.2
13 47 3.5406 3.7 10.0 7.5 0.2
13 48 3.5406 3.7 10.0 7.5 0.2
13 50 3.5406 3.7 10.0 7.5 0.2
13 51 3.5406 3.7 10.0 7.5 0.2
13 52 3.5406 3.7 10.0 7.5 0.2
13 53 3.5406 3.7 10.0 7.5 0.2
13 54 3.5406 3.7 10.0 7.5 0.2
13 56 3.5406 3.7 10.0 7.5 0.2
13 57 3.5406 3.7 10.0 7.5 0.2
13 58 3.5406 3.7 10.0 7.5 0.2
13 59 3.5406 3.7 10.0 7.5 0.2
13 60 3.5406 3.7 10.0 7.5 0.2
13 61 3.5406 3.7 10.0 7.5 0.2
13 62 3.5406 3.7 10.0 7.5 0.2
13 63 3.5406 3.7 10.0 7.5 0.2
13 64 3.5406 3.7 10.0 7.5 0.2
13 65 3.5406 3.7 10.0 7.5 0.2
13 66 3.5406 3.7 10.0 7.5 0.2
13 67 3.5406 3.7 10.0 7.5 0.2
13 68 3.5406 3.7 10.0 7.5 0.2
13 69 3.5406 3.7 10.0 7.5 0.2
13 70 3.5406 3.7 10.0 7.5 0.2
13 71 3.5406 3.7 10.0 7.5 0.2
13 72 3.5406 3.7 10.0 7.5 0.2
13 73 3.5406 3.7 10.0 7.5 0.2
13 74 3.5406 3.7 10.0 7.5 0.2
13 75 3.5406 3.7 10.0 7.5 0.2
13 76 3.5406 3.7 10.0 7.5 0.2
14 15 3.5406 3.7 10.0 
14 16 3.5406 3.7 10.0 
14 17 3.5406 3.7 10.0 7.5 0.2
14 18 3.5406 3.7 10.0 7.5 0.2
14 19 3.5406 3.7 10.0 7.5 0.2
14 20 3.5406 3.7 10.0 7.5 0.2
14 21 3.5406 3.7 10.0 7.5 0.2
14 22 3.5406 3.7 10.0 7.5 0.2
14 23 3.5406 3.7 10.0 7.5 0.2
14 24 3.5406 3.7 10.0 7.5 0.2
14 25 3.5406 3.7 10.0 7.5 0.2
14 26 3.5406 3.7 10.0 7.5 0.2
14 27 3.5406 3.7 10.0 7.5 0.2
14 28 3.5406 3.7 10.0 7.5 0.2
14 29 3.5406 3.7 10.0 7.5 0.2
14 30 3.5406 3.7 10.0 7.5 0.2
14 31 3.5406 3.7 10.0 7.5 0.2
14 32 3.5406 3.7 10.0 7.5 0.2
14 33 3.5406 3.7 10.0 7.5 0.2
14 34 3.5406 3.7 10.0 7.5 0.2
14 35 3.5406 3.7 10.0 7.5 0.2
14 36 3.5406 3.7 10.0 7.5 0.2
14 38 3.5406 3.7 10.0 7.5 0.2
14 39 3.5406 3.7 10.0 7.5 0.2
14 40 3.5406 3.7 10.0 7.5 0.2
14 41 3.5406 3.7 10.0 7.5 0.2
14 42 3.5406 3.7 10.0 7.5 0.2
14 43 3.5406 3.7 10.0 7.5 0.2
14 44 3.5406 3.7 10.0 7.5 0.2
14 45 3.5406 3.7 10.0 7.5 0.2
14 46 3.5406 3.7 10.0 7.5 0.2
14 47 3.5406 3.7 10.0 7.5 0.2
14 48 3.5406 3.7 10.0 7.5 0.2
14 50 3.5406 3.7 10.0 7.5 0.2
14 51 3.5406 3.7 10.0 7.5 0.2
14 52 3.5406 3.7 10.0 7.5 0.2
14 53 3.5406 3.7 10.0 7.5 0.2
14 54 3.5406 3.7 10.0 7.5 0.2
14 56 3.5406 3.7 10.0 7.5 0.2
14 57 3.5406 3.7 10.0 7.5 0.2
14 58 3.5406 3.7 10.0 7.5 0.2
14 59 3.5406 3.7 10.0 7.5 0.2
14 60 3.5406 3.7 10.0 7.5 0.2
14 61 3.5406 3.7 10.0 7.5 0.2
14 62 3.5406 3.7 10.0 7.5 0.2
14 63 3.5406 3.7 10.0 7.5 0.2
14 64 3.5406 3.7 10.0 7.5 0.2
14 65 3.5406 3.7 10.0 7.5 0.2
14 66 3.5406 3.7 10.0 7.5 0.2
14 67 3.5406 3.7 10.0 7.5 0.2
14 68 3.5406 3.7 10 7.5 -1.0
14 69 3.5406 3.7 10.0 7.5 0.2
14 70 3.5406 3.7 10.0 7.5 0.2
14 71 3.5406 3.7 10.0 7.5 0.2
14 72 3.5406 3.7 10.0 7.5 0.2
14 73 3.5406 3.7 10.0 7.5 0.2
14 74 3.5406 3.7 10.0 7.5 0.2
14 75 3.5406 3.7 10.0 7.5 0.2
14 76 3.5406 3.7 10.0 7.5 0.2
15 16 3.5406 3.7 10.0 
15 17 3.5406 3.7 10.0 
15 18 3.5406 3.7 10.0 7.5 0.2
15 19 3.5406 3.7 10.0 7.5 0.2
15 20 3.5406 3.7 10.0 7.5 0.2
15 21 3.5406 3.7 10.0 7.5 0.2
15 22 3.5406 3.7 10.0 7.5 0.2
15 23 3.5406 3.7 10.0 7.5 0.2
15 24 3.5406 3.7 10.0 7.5 0.2
15 25 3.5406 3.7 10.0 7.5 0.2
15 26 3.5406 3.7 10.0 7.5 0.2
15 27 3.5406 3.7 10.0 7.5 0.2
15 28 3.5406 3.7 10.0 7.5 0.2
15 29 3.5406 3.7 10.0 7.5 0.2
15 30 3.5406 3.7 10.0 7.5 0.2
15 31 3.5406 3.7 10.0 7.5 0.2
15 32 3.5406 3.7 10 7.5 -1.0
15 33 3.5406 3.7 10.0 7.5 0.2
15 34 3.5406 3.7 10.0 7.5 0.2
15 35 3.5406 3.7 10 7.5 -1.0
15 36 3.5406 3.7 10 7.5 -1.0
15 38 3.5406 3.7 10.0 7.5 0.2
15 39 3.5406 3.7 10.0 7.5 0.2
15 40 3.5406 3.7 10.0 7.5 0.2
15 41 3.5406 3.7 10.0 7.5 0.2
15 42 3.5406 3.7 10.0 7.5 0.2
15 43 3.5406 3.7 10.0 7.5 0.2
15 44 3.5406 3.7 10.0 7.5 0.2
15 45 3.5406 3.7 10.0 7.5 0.2
15 46 3.5406 3.7 10.0 7.5 0.2
15 47 3.5406 3.7 10.0 7.5 0.2
15 48 3.5406 3.7 10.0 7.5 0.2
15 50 3.5406 3.7 10.0 7.5 0.2
15 51 3.5406 3.7 10.0 7.5 0.2
15 52 3.5406 3.7 10.0 7.5 0.2
15 53 3.5406 3.7 10.0 7.5 0.2
15 54 3.5406 3.7 10.0 7.5 0.2
15 56 3.5406 3.7 10.0 7.5 0.2
15 57 3.5406 3.7 10.0 7.5 0.2
15 58 3.5406 3.7 10.0 7.5 0.2
15 59 3.5406 3.7 10.0 7.5 0.2
15 60 3.5406 3.7 10.0 7.5 0.2
15 61 3.5406 3.7 10.0 7.5 0.2
15 62 3.5406 3.7 10.0 7.5 0.2
15 63 3.5406 3.7 10.0 7.5 0.2
15 64 3.5406 3.7 10.0 7.5 0.2
15 65 3.5406 3.7 10.0 7.5 0.2
15 66 3.5406 3.7 10.0 7.5 0.2
15 67 3.5406 3.7 10.0 7.5 0.2
15 68 3.5406 3.7 10.0 7.5 0.2
15 69 3.5406 3.7 10.0 7.5 0.2
15 70 3.5406 3.7 10.0 7.5 0.2
15 71 3.5406 3.7 10.0 7.5 0.2
15 72 3.5406 3.7 10.0 7.5 0.2
15 73 3.5406 3.7 10.0 7.5 0.2
15 74 3.5406 3.7 10.0 7.5 0.2
15 75 3.5406 3.7 10.0 7.5 0.2
15 76 3.5406 3.7 10.0 7.5 0.2
16 17 3.5406 3.7 10.0 
16 18 3.5406 3.7 10.0 
16 19 3.5406 3.7 10.0 7.5 0.2
16 20 3.5406 3.7 10.0 7.5 0.2
16 21 3.5406 3.7 10.0 7.5 0.2
16 22 3.5406 3.7 10.0 7.5 0.2
16 23 3.5406 3.7 10.0 7.5 0.2
16 24 3.5406 3.7 10.0 7.5 0.2
16 25 3.5406 3.7 10.0 7.5 0.2
16 26 3.5406 3.7 10.0 7.5 0.2
16 27 3.5406 3.7 10.0 7.5 0.2
16 28 3.5406 3.7 10.0 7.5 0.2
16 29 3.5406 3.7 10.0 7.5 0.2
16 30 3.5406 3.7 10.0 7.5 0.2
16 31 3.5406 3.7 10.0 7.5 0.2
16 32 3.5406 3.7 10.0 7.5 0.2
16 33 3.5406 3.7 10.0 7.5 0.2
16 34 3.5406 3.7 10.0 7.5 0.2
16 35 3.5406 3.7 10.0 7.5 0.2
16 36 3.5406 3.7 10.0 7.5 0.2
16 38 3.5406 3.7 10.0 7.5 0.2
16 39 3.5406 3.7 10.0 7.5 0.2
16 40 3.5406 3.7 10.0 7.5 0.2
16 41 3.5406 3.7 10.0 7.5 0.2
16 42 3.5406 3.7 10.0 7.5 0.2
16 43 3.5406 3.7 10.0 7.5 0.2
16 44 3.5406 3.7 10.0 7.5 0.2
16 45 3.5406 3.7 10.0 7.5 0.2
16 46 3.5406 3.7 10.0 7.5 0.2
16 47 3.5406 3.7 10.0 7.5 0.2
16 48 3.5406 3.7 10.0 7.5 0.2
16 50 3.5406 3.7 10.0 7.5 0.2
16 51 3.5406 3.7 10.0 7.5 0.2
16 52 3.5406 3.7 10.0 7.5 0.2
16 53 3.5406 3.7 10.0 7.5 0.2
16 54 3.5406 3.7 10.0 7.5 0.2
16 56 3.5406 3.7 10.0 7.5 0.2
16 57 3.5406 3.7 10.0 7.5 0.2
16 58 3.5406 3.7 10.0 7.5 0.2
16 59 3.5406 3.7 10.0 7.5 0.2
16 60 3.5406 3.7 10.0 7.5 0.2
16 61 3.5406 3.7 10.0 7.5 0.2
16 62 3.5406 3.7 10.0 7.5 0.2
16 63 3.5406 3.7 10.0 7.5 0.2
16 64 3.5406 3.7 10.0 7.5 0.2
16 65 3.5406 3.7 10.0 7.5 0.2
16 66 3.5406 3.7 10.0 7.5 0.2
16 67 3.5406 3.7 10.0 7.5 0.2
16 68 3.5406 3.7 10.0 7.5 0.2
16 69 3.5406 3.7 10.0 7.5 0.2
16 70 3.5406 3.7 10.0 7.5 0.2
16 71 3.5406 3.7 10.0 7.5 0.2
16 72 3.5406 3.7 10.0 7.5 0.2
16 73 3.5406 3.7 10.0 7.5 0.2
16 74 3.5406 3.7 10.0 7.5 0.2
16 75 3.5406 3.7 10.0 7.5 0.2
16 76 3.5406 3.7 10.0 7.5 0.2
17 18 3.5406 3.7 10.0 
17 19 3.5406 3.7 10.0 
17 20 3.5406 3.7 10.0 7.5 0.2
17 21 3.5406 3.7 10.0 7.5 0.2
17 22 3.5406 3.7 10.0 7.5 0.2
17 23 3.5406 3.7 10.0 7.5 0.2
17 24 3.5406 3.7 10.0 7.5 0.2
17 25 3.5406 3.7 10.0 7.5 0.2
17 26 3.5406 3.7 10.0 7.5 0.2
17 27 3.5406 3.7 10.0 7.5 0.2
17 28 3.5406 3.7 10 7.5 -1.0
17 29 3.5406 3.7 10.0 7.5 0.2
17 30 3.5406 3.7 10.0 7.5 0.2
17 31 3.5406 3.7 10 7.5 -1.0
17 32 3.5406 3.7 10 7.5 -1.0
17 33 3.5406 3.7 10.0 7.5 0.2
17 34 3.5406 3.7 10.0 7.5 0.2
17 35 3.5406 3.7 10.0 7.5 0.2
17 36 3.5406 3.7 10.0 7.5 0.2
17 38 3.5406 3.7 10.0 7.5 0.2
17 39 3.5406 3.7 10.0 7.5 0.2
17 40 3.5406 3.7 10.0 7.5 0.2
17 41 3.5406 3.7 10.0 7.5 0.2
17 42 3.5406 3.7 10.0 7.5 0.2
17 43 3.5406 3.7 10.0 7.5 0.2
17 44 3.5406 3.7 10.0 7.5 0.2
17 45 3.5406 3.7 10.0 7.5 0.2
17 46 3.5406 3.7 10.0 7.5 0.2
17 47 3.5406 3.7 10.0 7.5 0.2
17 48 3.5406 3.7 10.0 7.5 0.2
17 50 3.5406 3.7 10.0 7.5 0.2
17 51 3.5406 3.7 10.0 7.5 0.2
17 52 3.5406 3.7 10.0 7.5 0.2
17 53 3.5406 3.7 10.0 7.5 0.2
17 54 3.5406 3.7 10.0 7.5 0.2
17 56 3.5406 3.7 10.0 7.5 0.2
17 57 3.5406 3.7 10.0 7.5 0.2
17 58 3.5406 3.7 10.0 7.5 0.2
17 59 3.5406 3.7 10.0 7.5 0.2
17 60 3.5406 3.7 10.0 7.5 0.2
17 61 3.5406 3.7 10.0 7.5 0.2
17 62 3.5406 3.7 10.0 7.5 0.2
17 63 3.5406 3.7 10.0 7.5 0.2
17 64 3.5406 3.7 10.0 7.5 0.2
17 65 3.5406 3.7 10.0 7.5 0.2
17 66 3.5406 3.7 10.0 7.5 0.2
17 67 3.5406 3.7 10.0 7.5 0.2
17 68 3.5406 3.7 10.0 7.5 0.2
17 69 3.5406 3.7 10.0 7.5 0.2
17 70 3.5406 3.7 10.0 7.5 0.2
17 71 3.5406 3.7 10.0 7.5 0.2
17 72 3.5406 3.7 10.0 7.5 0.2
17 73 3.5406 3.7 10.0 7.5 0.2
17 74 3.5406 3.7 10.0 7.5 0.2
17 75 3.5406 3.7 10.0 7.5 0.2
17 76 3.5406 3.7 10.0 7.5 0.2
18 19 3.5406 3.7 10.0 
18 20 3.5406 3.7 10.0 
18 21 3.5406 3.7 10.0 7.5 0.2
18 22 3.5406 3.7 10.0 7.5 0.2
18 23 3.5406 3.7 10.0 7.5 0.2
18 24 3.5406 3.7 10.0 7.5 0.2
18 25 3.5406 3.7 10.0 7.5 0.2
18 26 3.5406 3.7 10.0 7.5 0.2
18 27 3.5406 3.7 10.0 7.5 0.2
18 28 3.5406 3.7 10.0 7.5 0.2
18 29 3.5406 3.7 10.0 7.5 0.2
18 30 3.5406 3.7 10.0 7.5 0.2
18 31 3.5406 3.7 10.0 7.5 0.2
18 32 3.5406 3.7 10.0 7.5 0.2
18 33 3.5406 3.7 10.0 7.5 0.2
18 34 3.5406 3.7 10.0 7.5 0.2
18 35 3.5406 3.7 10.0 7.5 0.2
18 36 3.5406 3.7 10.0 7.5 0.2
18 38 3.5406 3.7 10.0 7.5 0.2
18 39 3.5406 3.7 10.0 7.5 0.2
18 40 3.5406 3.7 10.0 7.5 0.2
18 41 3.5406 3.7 10.0 7.5 0.2
18 42 3.5406 3.7 10.0 7.5 0.2
18 43 3.5406 3.7 10.0 7.5 0.2
18 44 3.5406 3.7 10.0 7.5 0.2
18 45 3.5406 3.7 10.0 7.5 0.2
18 46 3.5406 3.7 10.0 7.5 0.2
18 47 3.5406 3.7 10.0 7.5 0.2
18 48 3.5406 3.7 10.0 7.5 0.2
18 50 3.5406 3.7 10.0 7.5 0.2
18 51 3.5406 3.7 10.0 7.5 0.2
18 52 3.5406 3.7 10.0 7.5 0.2
18 53 3.5406 3.7 10.0 7.5 0.2
18 54 3.5406 3.7 10.0 7.5 0.2
18 56 3.5406 3.7 10.0 7.5 0.2
18 57 3.5406 3.7 10.0 7.5 0.2
18 58 3.5406 3.7 10.0 7.5 0.2
18 59 3.5406 3.7 10.0 7.5 0.2
18 60 3.5406 3.7 10.0 7.5 0.2
18 61 3.5406 3.7 10.0 7.5 0.2
18 62 3.5406 3.7 10.0 7.5 0.2
18 63 3.5406 3.7 10.0 7.5 0.2
18 64 3.5406 3.7 10.0 7.5 0.2
18 65 3.5406 3.7 10.0 7.5 0.2
18 66 3.5406 3.7 10.0 7.5 0.2
18 67 3.5406 3.7 10.0 7.5 0.2
18 68 3.5406 3.7 10.0 7.5 0.2
18 69 3.5406 3.7 10.0 7.5 0.2
18 70 3.5406 3.7 10.0 7.5 0.2
18 71 3.5406 3.7 10.0 7.5 0.2
18 72 3.5406 3.7 10.0 7.5 0.2
18 73 3.5406 3.7 10.0 7.5 0.2
18 74 3.5406 3.7 10.0 7.5 0.2
18 75 3.5406 3.7 10.0 7.5 0.2
18 76 3.5406 3.7 10.0 7.5 0.2
19 20 3.5406 3.7 10.0 
19 21 3.5406 3.7 10.0 
19 22 3.5406 3.7 10.0 7.5 0.2
19 23 3.5406 3.7 10 7.5 -1.0
19 24 3.5406 3.7 10.0 7.5 0.2
19 25 3.5406 3.7 10.0 7.5 0.2
19 26 3.5406 3.7 10.0 7.5 0.2
19 27 3.5406 3.7 10.0 7.5 0.2
19 28 3.5406 3.7 10 7.5 -1.0
19 29 3.5406 3.7 10.0 7.5 0.2
19 30 3.5406 3.7 10.0 7.5 0.2
19 31 3.5406 3.7 10 7.5 -1.0
19 32 3.5406 3.7 10.0 7.5 0.2
19 33 3.5406 3.7 10.0 7.5 0.2
19 34 3.5406 3.7 10.0 7.5 0.2
19 35 3.5406 3.7 10.0 7.5 0.2
19 36 3.5406 3.7 10.0 7.5 0.2
19 38 3.5406 3.7 10.0 7.5 0.2
19 39 3.5406 3.7 10.0 7.5 0.2
19 40 3.5406 3.7 10.0 7.5 0.2
19 41 3.5406 3.7 10.0 7.5 0.2
19 42 3.5406 3.7 10.0 7.5 0.2
19 43 3.5406 3.7 10.0 7.5 0.2
19 44 3.5406 3.7 10.0 7.5 0.2
19 45 3.5406 3.7 10.0 7.5 0.2
19 46 3.5406 3.7 10.0 7.5 0.2
19 47 3.5406 3.7 10.0 7.5 0.2
19 48 3.5406 3.7 10.0 7.5 0.2
19 50 3.5406 3.7 10.0 7.5 0.2
19 51 3.5406 3.7 10.0 7.5 0.2
19 52 3.5406 3.7 10.0 7.5 0.2
19 53 3.5406 3.7 10.0 7.5 0.2
19 54 3.5406 3.7 10.0 7.5 0.2
19 56 3.5406 3.7 10.0 7.5 0.2
19 57 3.5406 3.7 10.0 7.5 0.2
19 58 3.5406 3.7 10 7.5 -1.0
19 59 3.5406 3.7 10.0 7.5 0.2
19 60 3.5406 3.7 10.0 7.5 0.2
19 61 3.5406 3.7 10.0 7.5 0.2
19 62 3.5406 3.7 10.0 7.5 0.2
19 63 3.5406 3.7 10.0 7.5 0.2
19 64 3.5406 3.7 10.0 7.5 0.2
19 65 3.5406 3.7 10.0 7.5 0.2
19 66 3.5406 3.7 10.0 7.5 0.2
19 67 3.5406 3.7 10.0 7.5 0.2
19 68 3.5406 3.7 10.0 7.5 0.2
19 69 3.5406 3.7 10.0 7.5 0.2
19 70 3.5406 3.7 10.0 7.5 0.2
19 71 3.5406 3.7 10.0 7.5 0.2
19 72 3.5406 3.7 10.0 7.5 0.2
19 73 3.5406 3.7 10.0 7.5 0.2
19 74 3.5406 3.7 10.0 7.5 0.2
19 75 3.5406 3.7 10.0 7.5 0.2
19 76 3.5406 3.7 10.0 7.5 0.2
20 21 3.5406 3.7 10.0 
20 22 3.5406 3.7 10.0 
20 23 3.5406 3.7 10 7.5 -1.0
20 24 3.5406 3.7 10.0 7.5 0.2
20 25 3.5406 3.7 10.0 7.5 0.2
20 26 3.5406 3.7 10.0 7.5 0.2
20 27 3.5406 3.7 10.0 7.5 0.2
20 28 3.5406 3.7 10.0 7.5 0.2
20 29 3.5406 3.7 10.0 7.5 0.2
20 30 3.5406 3.7 10.0 7.5 0.2
20 31 3.5406 3.7 10.0 7.5 0.2
20 32 3.5406 3.7 10.0 7.5 0.2
20 33 3.5406 3.7 10.0 7.5 0.2
20 34 3.5406 3.7 10.0 7.5 0.2
20 35 3.5406 3.7 10.0 7.5 0.2
20 36 3.5406 3.7 10.0 7.5 0.2
20 38 3.5406 3.7 10.0 7.5 0.2
20 39 3.5406 3.7 10.0 7.5 0.2
20 40 3.5406 3.7 10.0 7.5 0.2
20 41 3.5406 3.7 10.0 7.5 0.2
20 42 3.5406 3.7 10.0 7.5 0.2
20 43 3.5406 3.7 10.0 7.5 0.2
20 44 3.5406 3.7 10.0 7.5 0.2
20 45 3.5406 3.7 10.0 7.5 0.2
20 46 3.5406 3.7 10.0 7.5 0.2
20 47 3.5406 3.7 10.0 7.5 0.2
20 48 3.5406 3.7 10.0 7.5 0.2
20 50 3.5406 3.7 10.0 7.5 0.2
20 51 3.5406 3.7 10.0 7.5 0.2
20 52 3.5406 3.7 10.0 7.5 0.2
20 53 3.5406 3.7 10.0 7.5 0.2
20 54 3.5406 3.7 10.0 7.5 0.2
20 56 3.5406 3.7 10.0 7.5 0.2
20 57 3.5406 3.7 10.0 7.5 0.2
20 58 3.5406 3.7 10 7.5 -1.0
20 59 3.5406 3.7 10.0 7.5 0.2
20 60 3.5406 3.7 10.0 7.5 0.2
20 61 3.5406 3.7 10.0 7.5 0.2
20 62 3.5406 3.7 10.0 7.5 0.2
20 63 3.5406 3.7 10.0 7.5 0.2
20 64 3.5406 3.7 10.0 7.5 0.2
20 65 3.5406 3.7 10.0 7.5 0.2
20 66 3.5406 3.7 10.0 7.5 0.2
20 67 3.5406 3.7 10.0 7.5 0.2
20 68 3.5406 3.7 10.0 7.5 0.2
20 69 3.5406 3.7 10.0 7.5 0.2
20 70 3.5406 3.7 10.0 7.5 0.2
20 71 3.5406 3.7 10.0 7.5 0.2
20 72 3.5406 3.7 10.0 7.5 0.2
20 73 3.5406 3.7 10.0 7.5 0.2
20 74 3.5406 3.7 10.0 7.5 0.2
20 75 3.5406 3.7 10.0 7.5 0.2
20 76 3.5406 3.7 10.0 7.5 0.2
21 22 3.5406 3.7 10.0 
21 23 3.5406 3.7 10.0 
21 24 3.5406 3.7 10.0 7.5 0.2
21 25 3.5406 3.7 10.0 7.5 0.2
21 26 3.5406 3.7 10.0 7.5 0.2
21 27 3.5406 3.7 10.0 7.5 0.2
21 28 3.5406 3.7 10.0 7.5 0.2
21 29 3.5406 3.7 10.0 7.5 0.2
21 30 3.5406 3.7 10.0 7.5 0.2
21 31 3.5406 3.7 10.0 7.5 0.2
21 32 3.5406 3.7 10.0 7.5 0.2
21 33 3.5406 3.7 10.0 7.5 0.2
21 34 3.5406 3.7 10.0 7.5 0.2
21 35 3.5406 3.7 10.0 7.5 0.2
21 36 3.5406 3.7 10.0 7.5 0.2
21 38 3.5406 3.7 10.0 7.5 0.2
21 39 3.5406 3.7 10.0 7.5 0.2
21 40 3.5406 3.7 10.0 7.5 0.2
21 41 3.5406 3.7 10.0 7.5 0.2
21 42 3.5406 3.7 10.0 7.5 0.2
21 43 3.5406 3.7 10.0 7.5 0.2
21 44 3.5406 3.7 10.0 7.5 0.2
21 45 3.5406 3.7 10.0 7.5 0.2
21 46 3.5406 3.7 10.0 7.5 0.2
21 47 3.5406 3.7 10.0 7.5 0.2
21 48 3.5406 3.7 10.0 7.5 0.2
21 50 3.5406 3.7 10.0 7.5 0.2
21 51 3.5406 3.7 10.0 7.5 0.2
21 52 3.5406 3.7 10.0 7.5 0.2
21 53 3.5406 3.7 10.0 7.5 0.2
21 54 3.5406 3.7 10.0 7.5 0.2
21 56 3.5406 3.7 10.0 7.5 0.2
21 57 3.5406 3.7 10 7.5 -1.0
21 58 3.5406 3.7 10 7.5 -1.0
21 59 3.5406 3.7 10 7.5 -1.0
21 60 3.5406 3.7 10.0 7.5 0.2
21 61 3.5406 3.7 10.0 7.5 0.2
21 62 3.5406 3.7 10.0 7.5 0.2
21 63 3.5406 3.7 10 7.5 -1.0
21 64 3.5406 3.7 10.0 7.5 0.2
21 65 3.5406 3.7 10.0 7.5 0.2
21 66 3.5406 3.7 10.0 7.5 0.2
21 67 3.5406 3.7 10.0 7.5 0.2
21 68 3.5406 3.7 10.0 7.5 0.2
21 69 3.5406 3.7 10.0 7.5 0.2
21 70 3.5406 3.7 10.0 7.5 0.2
21 71 3.5406 3.7 10.0 7.5 0.2
21 72 3.5406 3.7 10.0 7.5 0.2
21 73 3.5406 3.7 10.0 7.5 0.2
21 74 3.5406 3.7 10.0 7.5 0.2
21 75 3.5406 3.7 10.0 7.5 0.2
21 76 3.5406 3.7 10.0 7.5 0.2
22 23 3.5406 3.7 10.0 
22 24 3.5406 3.7 10.0 
22 25 3.5406 3.7 10.0 7.5 0.2
22 26 3.5406 3.7 10.0 7.5 0.2
22 27 3.5406 3.7 10.0 7.5 0.2
22 28 3.5406 3.7 10.0 7.5 0.2
22 29 3.5406 3.7 10.0 7.5 0.2
22 30 3.5406 3.7 10.0 7.5 0.2
22 31 3.5406 3.7 10.0 7.5 0.2
22 32 3.5406 3.7 10.0 7.5 0.2
22 33 3.5406 3.7 10.0 7.5 0.2
22 34 3.5406 3.7 10.0 7.5 0.2
22 35 3.5406 3.7 10.0 7.5 0.2
22 36 3.5406 3.7 10.0 7.5 0.2
22 38 3.5406 3.7 10.0 7.5 0.2
22 39 3.5406 3.7 10.0 7.5 0.2
22 40 3.5406 3.7 10.0 7.5 0.2
22 41 3.5406 3.7 10.0 7.5 0.2
22 42 3.5406 3.7 10.0 7.5 0.2
22 43 3.5406 3.7 10.0 7.5 0.2
22 44 3.5406 3.7 10.0 7.5 0.2
22 45 3.5406 3.7 10.0 7.5 0.2
22 46 3.5406 3.7 10.0 7.5 0.2
22 47 3.5406 3.7 10.0 7.5 0.2
22 48 3.5406 3.7 10.0 7.5 0.2
22 50 3.5406 3.7 10.0 7.5 0.2
22 51 3.5406 3.7 10.0 7.5 0.2
22 52 3.5406 3.7 10.0 7.5 0.2
22 53 3.5406 3.7 10.0 7.5 0.2
22 54 3.5406 3.7 10.0 7.5 0.2
22 56 3.5406 3.7 10.0 7.5 0.2
22 57 3.5406 3.7 10 7.5 -1.0
22 58 3.5406 3.7 10 7.5 -1.0
22 59 3.5406 3.7 10 7.5 -1.0
22 60 3.5406 3.7 10.0 7.5 0.2
22 61 3.5406 3.7 10.0 7.5 0.2
22 62 3.5406 3.7 10.0 7.5 0.2
22 63 3.5406 3.7 10.0 7.5 0.2
22 64 3.5406 3.7 10.0 7.5 0.2
22 65 3.5406 3.7 10.0 7.5 0.2
22 66 3.5406 3.7 10.0 7.5 0.2
22 67 3.5406 3.7 10.0 7.5 0.2
22 68 3.5406 3.7 10.0 7.5 0.2
22 69 3.5406 3.7 10.0 7.5 0.2
22 70 3.5406 3.7 10.0 7.5 0.2
22 71 3.5406 3.7 10.0 7.5 0.2
22 72 3.5406 3.7 10.0 7.5 0.2
22 73 3.5406 3.7 10.0 7.5 0.2
22 74 3.5406 3.7 10.0 7.5 0.2
22 75 3.5406 3.7 10.0 7.5 0.2
22 76 3.5406 3.7 10.0 7.5 0.2
23 24 3.5406 3.7 10.0 
23 25 3.5406 3.7 10.0 
23 26 3.5406 3.7 10.0 7.5 0.2
23 27 3.5406 3.7 10 7.5 -1.0
23 28 3.5406 3.7 10 7.5 -1.0
23 29 3.5406 3.7 10.0 7.5 0.2
23 30 3.5406 3.7 10.0 7.5 0.2
23 31 3.5406 3.7 10.0 7.5 0.2
23 32 3.5406 3.7 10.0 7.5 0.2
23 33 3.5406 3.7 10.0 7.5 0.2
23 34 3.5406 3.7 10.0 7.5 0.2
23 35 3.5406 3.7 10.0 7.5 0.2
23 36 3.5406 3.7 10.0 7.5 0.2
23 38 3.5406 3.7 10.0 7.5 0.2
23 39 3.5406 3.7 10.0 7.5 0.2
23 40 3.5406 3.7 10.0 7.5 0.2
23 41 3.5406 3.7 10.0 7.5 0.2
23 42 3.5406 3.7 10.0 7.5 0.2
23 43 3.5406 3.7 10.0 7.5 0.2
23 44 3.5406 3.7 10.0 7.5 0.2
23 45 3.5406 3.7 10.0 7.5 0.2
23 46 3.5406 3.7 10.0 7.5 0.2
23 47 3.5406 3.7 10.0 7.5 0.2
23 48 3.5406 3.7 10.0 7.5 0.2
23 50 3.5406 3.7 10.0 7.5 0.2
23 51 3.5406 3.7 10.0 7.5 0.2
23 52 3.5406 3.7 10.0 7.5 0.2
23 53 3.5406 3.7 10.0 7.5 0.2
23 54 3.5406 3.7 10.0 7.5 0.2
23 56 3.5406 3.7 10.0 7.5 0.2
23 57 3.5406 3.7 10 7.5 -1.0
23 58 3.5406 3.7 10 7.5 -1.0
23 59 3.5406 3.7 10.0 7.5 0.2
23 60 3.5406 3.7 10.0 7.5 0.2
23 61 3.5406 3.7 10.0 7.5 0.2
23 62 3.5406 3.7 10.0 7.5 0.2
23 63 3.5406 3.7 10.0 7.5 0.2
23 64 3.5406 3.7 10.0 7.5 0.2
23 65 3.5406 3.7 10.0 7.5 0.2
23 66 3.5406 3.7 10.0 7.5 0.2
23 67 3.5406 3.7 10.0 7.5 0.2
23 68 3.5406 3.7 10.0 7.5 0.2
23 69 3.5406 3.7 10.0 7.5 0.2
23 70 3.5406 3.7 10.0 7.5 0.2
23 71 3.5406 3.7 10.0 7.5 0.2
23 72 3.5406 3.7 10.0 7.5 0.2
23 73 3.5406 3.7 10.0 7.5 0.2
23 74 3.5406 3.7 10.0 7.5 0.2
23 75 3.5406 3.7 10.0 7.5 0.2
23 76 3.5406 3.7 10.0 7.5 0.2
24 25 3.5406 3.7 10.0 
24 26 3.5406 3.7 10.0 
24 27 3.5406 3.7 10 7.5 -1.0
24 28 3.5406 3.7 10 7.5 -1.0
24 29 3.5406 3.7 10.0 7.5 0.2
24 30 3.5406 3.7 10.0 7.5 0.2
24 31 3.5406 3.7 10.0 7.5 0.2
24 32 3.5406 3.7 10.0 7.5 0.2
24 33 3.5406 3.7 10.0 7.5 0.2
24 34 3.5406 3.7 10.0 7.5 0.2
24 35 3.5406 3.7 10.0 7.5 0.2
24 36 3.5406 3.7 10.0 7.5 0.2
24 38 3.5406 3.7 10.0 7.5 0.2
24 39 3.5406 3.7 10.0 7.5 0.2
24 40 3.5406 3.7 10.0 7.5 0.2
24 41 3.5406 3.7 10.0 7.5 0.2
24 42 3.5406 3.7 10.0 7.5 0.2
24 43 3.5406 3.7 10.0 7.5 0.2
24 44 3.5406 3.7 10.0 7.5 0.2
24 45 3.5406 3.7 10.0 7.5 0.2
24 46 3.5406 3.7 10.0 7.5 0.2
24 47 3.5406 3.7 10.0 7.5 0.2
24 48 3.5406 3.7 10.0 7.5 0.2
24 50 3.5406 3.7 10.0 7.5 0.2
24 51 3.5406 3.7 10.0 7.5 0.2
24 52 3.5406 3.7 10.0 7.5 0.2
24 53 3.5406 3.7 10.0 7.5 0.2
24 54 3.5406 3.7 10 7.5 -1.0
24 56 3.5406 3.7 10 7.5 -1.0
24 57 3.5406 3.7 10 7.5 -1.0
24 58 3.5406 3.7 10.0 7.5 0.2
24 59 3.5406 3.7 10.0 7.5 0.2
24 60 3.5406 3.7 10.0 7.5 0.2
24 61 3.5406 3.7 10.0 7.5 0.2
24 62 3.5406 3.7 10.0 7.5 0.2
24 63 3.5406 3.7 10.0 7.5 0.2
24 64 3.5406 3.7 10.0 7.5 0.2
24 65 3.5406 3.7 10.0 7.5 0.2
24 66 3.5406 3.7 10.0 7.5 0.2
24 67 3.5406 3.7 10.0 7.5 0.2
24 68 3.5406 3.7 10.0 7.5 0.2
24 69 3.5406 3.7 10.0 7.5 0.2
24 70 3.5406 3.7 10.0 7.5 0.2
24 71 3.5406 3.7 10.0 7.5 0.2
24 72 3.5406 3.7 10.0 7.5 0.2
24 73 3.5406 3.7 10.0 7.5 0.2
24 74 3.5406 3.7 10.0 7.5 0.2
24 75 3.5406 3.7 10.0 7.5 0.2
24 76 3.5406 3.7 10.0 7.5 0.2
25 26 3.5406 3.7 10.0 
25 27 3.5406 3.7 10.0 
25 28 3.5406 3.7 10 7.5 -1.0
25 29 3.5406 3.7 10 7.5 -1.0
25 30 3.5406 3.7 10.0 7.5 0.2
25 31 3.5406 3.7 10.0 7.5 0.2
25 32 3.5406 3.7 10.0 7.5 0.2
25 33 3.5406 3.7 10.0 7.5 0.2
25 34 3.5406 3.7 10.0 7.5 0.2
25 35 3.5406 3.7 10.0 7.5 0.2
25 36 3.5406 3.7 10.0 7.5 0.2
25 38 3.5406 3.7 10.0 7.5 0.2
25 39 3.5406 3.7 10.0 7.5 0.2
25 40 3.5406 3.7 10.0 7.5 0.2
25 41 3.5406 3.7 10.0 7.5 0.2
25 42 3.5406 3.7 10.0 7.5 0.2
25 43 3.5406 3.7 10.0 7.5 0.2
25 44 3.5406 3.7 10.0 7.5 0.2
25 45 3.5406 3.7 10 7.5 -1.0
25 46 3.5406 3.7 10.0 7.5 0.2
25 47 3.5406 3.7 10.0 7.5 0.2
25 48 3.5406 3.7 10.0 7.5 0.2
25 50 3.5406 3.7 10.0 7.5 0.2
25 51 3.5406 3.7 10.0 7.5 0.2
25 52 3.5406 3.7 10 7.5 -1.0
25 53 3.5406 3.7 10 7.5 -1.0
25 54 3.5406 3.7 10 7.5 -1.0
25 56 3.5406 3.7 10 7.5 -1.0
25 57 3.5406 3.7 10 7.5 -1.0
25 58 3.5406 3.7 10 7.5 -1.0
25 59 3.5406 3.7 10.0 7.5 0.2
25 60 3.5406 3.7 10.0 7.5 0.2
25 61 3.5406 3.7 10.0 7.5 0.2
25 62 3.5406 3.7 10.0 7.5 0.2
25 63 3.5406 3.7 10.0 7.5 0.2
25 64 3.5406 3.7 10.0 7.5 0.2
25 65 3.5406 3.7 10.0 7.5 0.2
25 66 3.5406 3.7 10.0 7.5 0.2
25 67 3.5406 3.7 10.0 7.5 0.2
25 68 3.5406 3.7 10.0 7.5 0.2
25 69 3.5406 3.7 10.0 7.5 0.2
25 70 3.5406 3.7 10.0 7.5 0.2
25 71 3.5406 3.7 10.0 7.5 0.2
25 72 3.5406 3.7 10.0 7.5 0.2
25 73 3.5406 3.7 10.0 7.5 0.2
25 74 3.5406 3.7 10.0 7.5 0.2
25 75 3.5406 3.7 10.0 7.5 0.2
25 76 3.5406 3.7 10.0 7.5 0.2
26 27 3.5406 3.7 10.0 
26 28 3.5406 3.7 10.0 
26 29 3.5406 3.7 10 7.5 -1.0
26 30 3.5406 3.7 10 7.5 -1.0
26 31 3.5406 3.7 10.0 7.5 0.2
26 32 3.5406 3.7 10.0 7.5 0.2
26 33 3.5406 3.7 10.0 7.5 0.2
26 34 3.5406 3.7 10.0 7.5 0.2
26 35 3.5406 3.7 10.0 7.5 0.2
26 36 3.5406 3.7 10.0 7.5 0.2
26 38 3.5406 3.7 10.0 7.5 0.2
26 39 3.5406 3.7 10.0 7.5 0.2
26 40 3.5406 3.7 10 7.5 -1.0
26 41 3.5406 3.7 10.0 7.5 0.2
26 42 3.5406 3.7 10.0 7.5 0.2
26 43 3.5406 3.7 10.0 7.5 0.2
26 44 3.5406 3.7 10.0 7.5 0.2
26 45 3.5406 3.7 10.0 7.5 0.2
26 46 3.5406 3.7 10.0 7.5 0.2
26 47 3.5406 3.7 10.0 7.5 0.2
26 48 3.5406 3.7 10.0 7.5 0.2
26 50 3.5406 3.7 10.0 7.5 0.2
26 51 3.5406 3.7 10.0 7.5 0.2
26 52 3.5406 3.7 10.0 7.5 0.2
26 53 3.5406 3.7 10.0 7.5 0.2
26 54 3.5406 3.7 10 7.5 -1.0
26 56 3.5406 3.7 10.0 7.5 0.2
26 57 3.5406 3.7 10.0 7.5 0.2
26 58 3.5406 3.7 10.0 7.5 0.2
26 59 3.5406 3.7 10.0 7.5 0.2
26 60 3.5406 3.7 10.0 7.5 0.2
26 61 3.5406 3.7 10.0 7.5 0.2
26 62 3.5406 3.7 10.0 7.5 0.2
26 63 3.5406 3.7 10.0 7.5 0.2
26 64 3.5406 3.7 10.0 7.5 0.2
26 65 3.5406 3.7 10.0 7.5 0.2
26 66 3.5406 3.7 10.0 7.5 0.2
26 67 3.5406 3.7 10.0 7.5 0.2
26 68 3.5406 3.7 10.0 7.5 0.2
26 69 3.5406 3.7 10.0 7.5 0.2
26 70 3.5406 3.7 10.0 7.5 0.2
26 71 3.5406 3.7 10.0 7.5 0.2
26 72 3.5406 3.7 10.0 7.5 0.2
26 73 3.5406 3.7 10.0 7.5 0.2
26 74 3.5406 3.7 10.0 7.5 0.2
26 75 3.5406 3.7 10.0 7.5 0.2
26 76 3.5406 3.7 10.0 7.5 0.2
27 28 3.5406 3.7 10.0 
27 29 3.5406 3.7 10.0 
27 30 3.5406 3.7 10 7.5 -1.0
27 31 3.5406 3.7 10 7.5 -1.0
27 32 3.5406 3.7 10.0 7.5 0.2
27 33 3.5406 3.7 10.0 7.5 0.2
27 34 3.5406 3.7 10.0 7.5 0.2
27 35 3.5406 3.7 10.0 7.5 0.2
27 36 3.5406 3.7 10.0 7.5 0.2
27 38 3.5406 3.7 10.0 7.5 0.2
27 39 3.5406 3.7 10.0 7.5 0.2
27 40 3.5406 3.7 10.0 7.5 0.2
27 41 3.5406 3.7 10.0 7.5 0.2
27 42 3.5406 3.7 10.0 7.5 0.2
27 43 3.5406 3.7 10.0 7.5 0.2
27 44 3.5406 3.7 10.0 7.5 0.2
27 45 3.5406 3.7 10.0 7.5 0.2
27 46 3.5406 3.7 10.0 7.5 0.2
27 47 3.5406 3.7 10.0 7.5 0.2
27 48 3.5406 3.7 10.0 7.5 0.2
27 50 3.5406 3.7 10.0 7.5 0.2
27 51 3.5406 3.7 10.0 7.5 0.2
27 52 3.5406 3.7 10.0 7.5 0.2
27 53 3.5406 3.7 10.0 7.5 0.2
27 54 3.5406 3.7 10.0 7.5 0.2
27 56 3.5406 3.7 10.0 7.5 0.2
27 57 3.5406 3.7 10.0 7.5 0.2
27 58 3.5406 3.7 10.0 7.5 0.2
27 59 3.5406 3.7 10.0 7.5 0.2
27 60 3.5406 3.7 10.0 7.5 0.2
27 61 3.5406 3.7 10.0 7.5 0.2
27 62 3.5406 3.7 10.0 7.5 0.2
27 63 3.5406 3.7 10.0 7.5 0.2
27 64 3.5406 3.7 10.0 7.5 0.2
27 65 3.5406 3.7 10.0 7.5 0.2
27 66 3.5406 3.7 10.0 7.5 0.2
27 67 3.5406 3.7 10.0 7.5 0.2
27 68 3.5406 3.7 10.0 7.5 0.2
27 69 3.5406 3.7 10.0 7.5 0.2
27 70 3.5406 3.7 10.0 7.5 0.2
27 71 3.5406 3.7 10.0 7.5 0.2
27 72 3.5406 3.7 10.0 7.5 0.2
27 73 3.5406 3.7 10.0 7.5 0.2
27 74 3.5406 3.7 10.0 7.5 0.2
27 75 3.5406 3.7 10.0 7.5 0.2
27 76 3.5406 3.7 10.0 7.5 0.2
28 29 3.5406 3.7 10.0 
28 30 3.5406 3.7 10.0 
28 31 3.5406 3.7 10 7.5 -1.0
28 32 3.5406 3.7 10 7.5 -1.0
28 33 3.5406 3.7 10.0 7.5 0.2
28 34 3.5406 3.7 10.0 7.5 0.2
28 35 3.5406 3.7 10.0 7.5 0.2
28 36 3.5406 3.7 10.0 7.5 0.2
28 38 3.5406 3.7 10.0 7.5 0.2
28 39 3.5406 3.7 10.0 7.5 0.2
28 40 3.5406 3.7 10.0 7.5 0.2
28 41 3.5406 3.7 10.0 7.5 0.2
28 42 3.5406 3.7 10.0 7.5 0.2
28 43 3.5406 3.7 10.0 7.5 0.2
28 44 3.5406 3.7 10.0 7.5 0.2
28 45 3.5406 3.7 10 7.5 -1.0
28 46 3.5406 3.7 10.0 7.5 0.2
28 47 3.5406 3.7 10.0 7.5 0.2
28 48 3.5406 3.7 10.0 7.5 0.2
28 50 3.5406 3.7 10.0 7.5 0.2
28 51 3.5406 3.7 10.0 7.5 0.2
28 52 3.5406 3.7 10.0 7.5 0.2
28 53 3.5406 3.7 10.0 7.5 0.2
28 54 3.5406 3.7 10.0 7.5 0.2
28 56 3.5406 3.7 10.0 7.5 0.2
28 57 3.5406 3.7 10.0 7.5 0.2
28 58 3.5406 3.7 10 7.5 -1.0
28 59 3.5406 3.7 10.0 7.5 0.2
28 60 3.5406 3.7 10.0 7.5 0.2
28 61 3.5406 3.7 10.0 7.5 0.2
28 62 3.5406 3.7 10.0 7.5 0.2
28 63 3.5406 3.7 10.0 7.5 0.2
28 64 3.5406 3.7 10.0 7.5 0.2
28 65 3.5406 3.7 10.0 7.5 0.2
28 66 3.5406 3.7 10.0 7.5 0.2
28 67 3.5406 3.7 10.0 7.5 0.2
28 68 3.5406 3.7 10.0 7.5 0.2
28 69 3.5406 3.7 10.0 7.5 0.2
28 70 3.5406 3.7 10.0 7.5 0.2
28 71 3.5406 3.7 10.0 7.5 0.2
28 72 3.5406 3.7 10.0 7.5 0.2
28 73 3.5406 3.7 10.0 7.5 0.2
28 74 3.5406 3.7 10.0 7.5 0.2
28 75 3.5406 3.7 10.0 7.5 0.2
28 76 3.5406 3.7 10.0 7.5 0.2
29 30 3.5406 3.7 10.0 
29 31 3.5406 3.7 10.0 
29 32 3.5406 3.7 10 7.5 -1.0
29 33 3.5406 3.7 10 7.5 -1.0
29 34 3.5406 3.7 10.0 7.5 0.2
29 35 3.5406 3.7 10.0 7.5 0.2
29 36 3.5406 3.7 10.0 7.5 0.2
29 38 3.5406 3.7 10.0 7.5 0.2
29 39 3.5406 3.7 10.0 7.5 0.2
29 40 3.5406 3.7 10 7.5 -1.0
29 41 3.5406 3.7 10.0 7.5 0.2
29 42 3.5406 3.7 10.0 7.5 0.2
29 43 3.5406 3.7 10 7.5 -1.0
29 44 3.5406 3.7 10.0 7.5 0.2
29 45 3.5406 3.7 10 7.5 -1.0
29 46 3.5406 3.7 10.0 7.5 0.2
29 47 3.5406 3.7 10.0 7.5 0.2
29 48 3.5406 3.7 10.0 7.5 0.2
29 50 3.5406 3.7 10.0 7.5 0.2
29 51 3.5406 3.7 10.0 7.5 0.2
29 52 3.5406 3.7 10.0 7.5 0.2
29 53 3.5406 3.7 10.0 7.5 0.2
29 54 3.5406 3.7 10 7.5 -1.0
29 56 3.5406 3.7 10.0 7.5 0.2
29 57 3.5406 3.7 10.0 7.5 0.2
29 58 3.5406 3.7 10.0 7.5 0.2
29 59 3.5406 3.7 10.0 7.5 0.2
29 60 3.5406 3.7 10.0 7.5 0.2
29 61 3.5406 3.7 10.0 7.5 0.2
29 62 3.5406 3.7 10.0 7.5 0.2
29 63 3.5406 3.7 10.0 7.5 0.2
29 64 3.5406 3.7 10.0 7.5 0.2
29 65 3.5406 3.7 10.0 7.5 0.2
29 66 3.5406 3.7 10.0 7.5 0.2
29 67 3.5406 3.7 10.0 7.5 0.2
29 68 3.5406 3.7 10.0 7.5 0.2
29 69 3.5406 3.7 10.0 7.5 0.2
29 70 3.5406 3.7 10.0 7.5 0.2
29 71 3.5406 3.7 10.0 7.5 0.2
29 72 3.5406 3.7 10.0 7.5 0.2
29 73 3.5406 3.7 10.0 7.5 0.2
29 74 3.5406 3.7 10.0 7.5 0.2
29 75 3.5406 3.7 10.0 7.5 0.2
29 76 3.5406 3.7 10.0 7.5 0.2
30 31 3.5406 3.7 10.0 
30 32 3.5406 3.7 10.0 
30 33 3.5406 3.7 10 7.5 -1.0
30 34 3.5406 3.7 10 7.5 -1.0
30 35 3.5406 3.7 10.0 7.5 0.2
30 36 3.5406 3.7 10.0 7.5 0.2
30 38 3.5406 3.7 10.0 7.5 0.2
30 39 3.5406 3.7 10.0 7.5 0.2
30 40 3.5406 3.7 10 7.5 -1.0
30 41 3.5406 3.7 10.0 7.5 0.2
30 42 3.5406 3.7 10.0 7.5 0.2
30 43 3.5406 3.7 10.0 7.5 0.2
30 44 3.5406 3.7 10.0 7.5 0.2
30 45 3.5406 3.7 10.0 7.5 0.2
30 46 3.5406 3.7 10.0 7.5 0.2
30 47 3.5406 3.7 10.0 7.5 0.2
30 48 3.5406 3.7 10.0 7.5 0.2
30 50 3.5406 3.7 10.0 7.5 0.2
30 51 3.5406 3.7 10.0 7.5 0.2
30 52 3.5406 3.7 10.0 7.5 0.2
30 53 3.5406 3.7 10.0 7.5 0.2
30 54 3.5406 3.7 10.0 7.5 0.2
30 56 3.5406 3.7 10.0 7.5 0.2
30 57 3.5406 3.7 10.0 7.5 0.2
30 58 3.5406 3.7 10.0 7.5 0.2
30 59 3.5406 3.7 10.0 7.5 0.2
30 60 3.5406 3.7 10.0 7.5 0.2
30 61 3.5406 3.7 10.0 7.5 0.2
30 62 3.5406 3.7 10.0 7.5 0.2
30 63 3.5406 3.7 10.0 7.5 0.2
30 64 3.5406 3.7 10.0 7.5 0.2
30 65 3.5406 3.7 10.0 7.5 0.2
30 66 3.5406 3.7 10.0 7.5 0.2
30 67 3.5406 3.7 10.0 7.5 0.2
30 68 3.5406 3.7 10.0 7.5 0.2
30 69 3.5406 3.7 10.0 7.5 0.2
30 70 3.5406 3.7 10.0 7.5 0.2
30 71 3.5406 3.7 10.0 7.5 0.2
30 72 3.5406 3.7 10.0 7.5 0.2
30 73 3.5406 3.7 10.0 7.5 0.2
30 74 3.5406 3.7 10.0 7.5 0.2
30 75 3.5406 3.7 10.0 7.5 0.2
30 76 3.5406 3.7 10.0 7.5 0.2
31 32 3.5406 3.7 10.0 
31 33 3.5406 3.7 10.0 
31 34 3.5406 3.7 10 7.5 -1.0
31 35 3.5406 3.7 10 7.5 -1.0
31 36 3.5406 3.7 10.0 7.5 0.2
31 38 3.5406 3.7 10.0 7.5 0.2
31 39 3.5406 3.7 10.0 7.5 0.2
31 40 3.5406 3.7 10.0 7.5 0.2
31 41 3.5406 3.7 10.0 7.5 0.2
31 42 3.5406 3.7 10.0 7.5 0.2
31 43 3.5406 3.7 10.0 7.5 0.2
31 44 3.5406 3.7 10.0 7.5 0.2
31 45 3.5406 3.7 10.0 7.5 0.2
31 46 3.5406 3.7 10.0 7.5 0.2
31 47 3.5406 3.7 10.0 7.5 0.2
31 48 3.5406 3.7 10.0 7.5 0.2
31 50 3.5406 3.7 10.0 7.5 0.2
31 51 3.5406 3.7 10.0 7.5 0.2
31 52 3.5406 3.7 10.0 7.5 0.2
31 53 3.5406 3.7 10.0 7.5 0.2
31 54 3.5406 3.7 10.0 7.5 0.2
31 56 3.5406 3.7 10.0 7.5 0.2
31 57 3.5406 3.7 10.0 7.5 0.2
31 58 3.5406 3.7 10.0 7.5 0.2
31 59 3.5406 3.7 10.0 7.5 0.2
31 60 3.5406 3.7 10.0 7.5 0.2
31 61 3.5406 3.7 10.0 7.5 0.2
31 62 3.5406 3.7 10.0 7.5 0.2
31 63 3.5406 3.7 10.0 7.5 0.2
31 64 3.5406 3.7 10.0 7.5 0.2
31 65 3.5406 3.7 10.0 7.5 0.2
31 66 3.5406 3.7 10.0 7.5 0.2
31 67 3.5406 3.7 10.0 7.5 0.2
31 68 3.5406 3.7 10.0 7.5 0.2
31 69 3.5406 3.7 10.0 7.5 0.2
31 70 3.5406 3.7 10.0 7.5 0.2
31 71 3.5406 3.7 10.0 7.5 0.2
31 72 3.5406 3.7 10.0 7.5 0.2
31 73 3.5406 3.7 10.0 7.5 0.2
31 74 3.5406 3.7 10.0 7.5 0.2
31 75 3.5406 3.7 10.0 7.5 0.2
31 76 3.5406 3.7 10.0 7.5 0.2
32 33 3.5406 3.7 10.0 
32 34 3.5406 3.7 10.0 
32 35 3.5406 3.7 10 7.5 -1.0
32 36 3.5406 3.7 10 7.5 -1.0
32 38 3.5406 3.7 10 7.5 -1.0
32 39 3.5406 3.7 10.0 7.5 0.2
32 40 3.5406 3.7 10.0 7.5 0.2
32 41 3.5406 3.7 10.0 7.5 0.2
32 42 3.5406 3.7 10.0 7.5 0.2
32 43 3.5406 3.7 10 7.5 -1.0
32 44 3.5406 3.7 10.0 7.5 0.2
32 45 3.5406 3.7 10.0 7.5 0.2
32 46 3.5406 3.7 10.0 7.5 0.2
32 47 3.5406 3.7 10.0 7.5 0.2
32 48 3.5406 3.7 10.0 7.5 0.2
32 50 3.5406 3.7 10.0 7.5 0.2
32 51 3.5406 3.7 10.0 7.5 0.2
32 52 3.5406 3.7 10.0 7.5 0.2
32 53 3.5406 3.7 10.0 7.5 0.2
32 54 3.5406 3.7 10.0 7.5 0.2
32 56 3.5406 3.7 10.0 7.5 0.2
32 57 3.5406 3.7 10.0 7.5 0.2
32 58 3.5406 3.7 10.0 7.5 0.2
32 59 3.5406 3.7 10.0 7.5 0.2
32 60 3.5406 3.7 10.0 7.5 0.2
32 61 3.5406 3.7 10.0 7.5 0.2
32 62 3.5406 3.7 10.0 7.5 0.2
32 63 3.5406 3.7 10.0 7.5 0.2
32 64 3.5406 3.7 10.0 7.5 0.2
32 65 3.5406 3.7 10.0 7.5 0.2
32 66 3.5406 3.7 10.0 7.5 0.2
32 67 3.5406 3.7 10.0 7.5 0.2
32 68 3.5406 3.7 10.0 7.5 0.2
32 69 3.5406 3.7 10.0 7.5 0.2
32 70 3.5406 3.7 10.0 7.5 0.2
32 71 3.5406 3.7 10 7.5 -1.0
32 72 3.5406 3.7 10.0 7.5 0.2
32 73 3.5406 3.7 10.0 7.5 0.2
32 74 3.5406 3.7 10.0 7.5 0.2
32 75 3.5406 3.7 10.0 7.5 0.2
32 76 3.5406 3.7 10.0 7.5 0.2
33 34 3.5406 3.7 10.0 
33 35 3.5406 3.7 10.0 
33 36 3.5406 3.7 10 7.5 -1.0
33 38 3.5406 3.7 10 7.5 -1.0
33 39 3.5406 3.7 10 7.5 -1.0
33 40 3.5406 3.7 10 7.5 -1.0
33 41 3.5406 3.7 10.0 7.5 0.2
33 42 3.5406 3.7 10.0 7.5 0.2
33 43 3.5406 3.7 10.0 7.5 0.2
33 44 3.5406 3.7 10.0 7.5 0.2
33 45 3.5406 3.7 10.0 7.5 0.2
33 46 3.5406 3.7 10.0 7.5 0.2
33 47 3.5406 3.7 10.0 7.5 0.2
33 48 3.5406 3.7 10.0 7.5 0.2
33 50 3.5406 3.7 10.0 7.5 0.2
33 51 3.5406 3.7 10.0 7.5 0.2
33 52 3.5406 3.7 10.0 7.5 0.2
33 53 3.5406 3.7 10.0 7.5 0.2
33 54 3.5406 3.7 10.0 7.5 0.2
33 56 3.5406 3.7 10.0 7.5 0.2
33 57 3.5406 3.7 10.0 7.5 0.2
33 58 3.5406 3.7 10.0 7.5 0.2
33 59 3.5406 3.7 10.0 7.5 0.2
33 60 3.5406 3.7 10.0 7.5 0.2
33 61 3.5406 3.7 10.0 7.5 0.2
33 62 3.5406 3.7 10.0 7.5 0.2
33 63 3.5406 3.7 10.0 7.5 0.2
33 64 3.5406 3.7 10.0 7.5 0.2
33 65 3.5406 3.7 10.0 7.5 0.2
33 66 3.5406 3.7 10.0 7.5 0.2
33 67 3.5406 3.7 10.0 7.5 0.2
33 68 3.5406 3.7 10.0 7.5 0.2
33 69 3.5406 3.7 10.0 7.5 0.2
33 70 3.5406 3.7 10.0 7.5 0.2
33 71 3.5406 3.7 10.0 7.5 0.2
33 72 3.5406 3.7 10.0 7.5 0.2
33 73 3.5406 3.7 10.0 7.5 0.2
33 74 3.5406 3.7 10.0 7.5 0.2
33 75 3.5406 3.7 10.0 7.5 0.2
33 76 3.5406 3.7 10.0 7.5 0.2
34 35 3.5406 3.7 10.0 
34 36 3.5406 3.7 10.0 
34 38 3.5406 3.7 10.0 7.5 0.2
34 39 3.5406 3.7 10.0 7.5 0.2
34 40 3.5406 3.7 10.0 7.5 0.2
34 41 3.5406 3.7 10.0 7.5 0.2
34 42 3.5406 3.7 10.0 7.5 0.2
34 43 3.5406 3.7 10.0 7.5 0.2
34 44 3.5406 3.7 10.0 7.5 0.2
34 45 3.5406 3.7 10.0 7.5 0.2
34 46 3.5406 3.7 10.0 7.5 0.2
34 47 3.5406 3.7 10.0 7.5 0.2
34 48 3.5406 3.7 10.0 7.5 0.2
34 50 3.5406 3.7 10.0 7.5 0.2
34 51 3.5406 3.7 10.0 7.5 0.2
34 52 3.5406 3.7 10.0 7.5 0.2
34 53 3.5406 3.7 10.0 7.5 0.2
34 54 3.5406 3.7 10.0 7.5 0.2
34 56 3.5406 3.7 10.0 7.5 0.2
34 57 3.5406 3.7 10.0 7.5 0.2
34 58 3.5406 3.7 10.0 7.5 0.2
34 59 3.5406 3.7 10.0 7.5 0.2
34 60 3.5406 3.7 10.0 7.5 0.2
34 61 3.5406 3.7 10.0 7.5 0.2
34 62 3.5406 3.7 10.0 7.5 0.2
34 63 3.5406 3.7 10.0 7.5 0.2
34 64 3.5406 3.7 10.0 7.5 0.2
34 65 3.5406 3.7 10.0 7.5 0.2
34 66 3.5406 3.7 10.0 7.5 0.2
34 67 3.5406 3.7 10.0 7.5 0.2
34 68 3.5406 3.7 10.0 7.5 0.2
34 69 3.5406 3.7 10.0 7.5 0.2
34 70 3.5406 3.7 10.0 7.5 0.2
34 71 3.5406 3.7 10.0 7.5 0.2
34 72 3.5406 3.7 10.0 7.5 0.2
34 73 3.5406 3.7 10.0 7.5 0.2
34 74 3.5406 3.7 10.0 7.5 0.2
34 75 3.5406 3.7 10.0 7.5 0.2
34 76 3.5406 3.7 10.0 7.5 0.2
35 36 3.5406 3.7 10.0 
35 38 3.5406 3.7 10.0 7.5 0.2
35 39 3.5406 3.7 10.0 7.5 0.2
35 40 3.5406 3.7 10.0 7.5 0.2
35 41 3.5406 3.7 10.0 7.5 0.2
35 42 3.5406 3.7 10.0 7.5 0.2
35 43 3.5406 3.7 10.0 7.5 0.2
35 44 3.5406 3.7 10.0 7.5 0.2
35 45 3.5406 3.7 10.0 7.5 0.2
35 46 3.5406 3.7 10.0 7.5 0.2
35 47 3.5406 3.7 10.0 7.5 0.2
35 48 3.5406 3.7 10.0 7.5 0.2
35 50 3.5406 3.7 10.0 7.5 0.2
35 51 3.5406 3.7 10.0 7.5 0.2
35 52 3.5406 3.7 10.0 7.5 0.2
35 53 3.5406 3.7 10.0 7.5 0.2
35 54 3.5406 3.7 10.0 7.5 0.2
35 56 3.5406 3.7 10.0 7.5 0.2
35 57 3.5406 3.7 10.0 7.5 0.2
35 58 3.5406 3.7 10.0 7.5 0.2
35 59 3.5406 3.7 10.0 7.5 0.2
35 60 3.5406 3.7 10.0 7.5 0.2
35 61 3.5406 3.7 10.0 7.5 0.2
35 62 3.5406 3.7 10.0 7.5 0.2
35 63 3.5406 3.7 10.0 7.5 0.2
35 64 3.5406 3.7 10.0 7.5 0.2
35 65 3.5406 3.7 10.0 7.5 0.2
35 66 3.5406 3.7 10.0 7.5 0.2
35 67 3.5406 3.7 10.0 7.5 0.2
35 68 3.5406 3.7 10.0 7.5 0.2
35 69 3.5406 3.7 10.0 7.5 0.2
35 70 3.5406 3.7 10.0 7.5 0.2
35 71 3.5406 3.7 10.0 7.5 0.2
35 72 3.5406 3.7 10.0 7.5 0.2
35 73 3.5406 3.7 10.0 7.5 0.2
35 74 3.5406 3.7 10.0 7.5 0.2
35 75 3.5406 3.7 10.0 7.5 0.2
35 76 3.5406 3.7 10.0 7.5 0.2
36 38 3.5406 3.7 10.0 
36 39 3.5406 3.7 10.0 7.5 0.2
36 40 3.5406 3.7 10.0 7.5 0.2
36 41 3.5406 3.7 10.0 7.5 0.2
36 42 3.5406 3.7 10.0 7.5 0.2
36 43 3.5406 3.7 10.0 7.5 0.2
36 44 3.5406 3.7 10.0 7.5 0.2
36 45 3.5406 3.7 10.0 7.5 0.2
36 46 3.5406 3.7 10.0 7.5 0.2
36 47 3.5406 3.7 10.0 7.5 0.2
36 48 3.5406 3.7 10.0 7.5 0.2
36 50 3.5406 3.7 10.0 7.5 0.2
36 51 3.5406 3.7 10.0 7.5 0.2
36 52 3.5406 3.7 10.0 7.5 0.2
36 53 3.5406 3.7 10.0 7.5 0.2
36 54 3.5406 3.7 10.0 7.5 0.2
36 56 3.5406 3.7 10.0 7.5 0.2
36 57 3.5406 3.7 10.0 7.5 0.2
36 58 3.5406 3.7 10.0 7.5 0.2
36 59 3.5406 3.7 10.0 7.5 0.2
36 60 3.5406 3.7 10.0 7.5 0.2
36 61 3.5406 3.7 10.0 7.5 0.2
36 62 3.5406 3.7 10.0 7.5 0.2
36 63 3.5406 3.7 10.0 7.5 0.2
36 64 3.5406 3.7 10.0 7.5 0.2
36 65 3.5406 3.7 10.0 7.5 0.2
36 66 3.5406 3.7 10.0 7.5 0.2
36 67 3.5406 3.7 10.0 7.5 0.2
36 68 3.5406 3.7 10.0 7.5 0.2
36 69 3.5406 3.7 10.0 7.5 0.2
36 70 3.5406 3.7 10.0 7.5 0.2
36 71 3.5406 3.7 10.0 7.5 0.2
36 72 3.5406 3.7 10.0 7.5 0.2
36 73 3.5406 3.7 10.0 7.5 0.2
36 74 3.5406 3.7 10.0 7.5 0.2
36 75 3.5406 3.7 10.0 7.5 0.2
36 76 3.5406 3.7 10.0 7.5 0.2
38 39 3.5406 3.7 10.0 
38 40 3.5406 3.7 10.0 
38 41 3.5406 3.7 10.0 7.5 0.2
38 42 3.5406 3.7 10 7.5 -1.0
38 43 3.5406 3.7 10 7.5 -1.0
38 44 3.5406 3.7 10.0 7.5 0.2
38 45 3.5406 3.7 10.0 7.5 0.2
38 46 3.5406 3.7 10.0 7.5 0.2
38 47 3.5406 3.7 10.0 7.5 0.2
38 48 3.5406 3.7 10.0 7.5 0.2
38 50 3.5406 3.7 10.0 7.5 0.2
38 51 3.5406 3.7 10.0 7.5 0.2
38 52 3.5406 3.7 10.0 7.5 0.2
38 53 3.5406 3.7 10.0 7.5 0.2
38 54 3.5406 3.7 10.0 7.5 0.2
38 56 3.5406 3.7 10.0 7.5 0.2
38 57 3.5406 3.7 10.0 7.5 0.2
38 58 3.5406 3.7 10.0 7.5 0.2
38 59 3.5406 3.7 10.0 7.5 0.2
38 60 3.5406 3.7 10.0 7.5 0.2
38 61 3.5406 3.7 10.0 7.5 0.2
38 62 3.5406 3.7 10.0 7.5 0.2
38 63 3.5406 3.7 10.0 7.5 0.2
38 64 3.5406 3.7 10.0 7.5 0.2
38 65 3.5406 3.7 10.0 7.5 0.2
38 66 3.5406 3.7 10.0 7.5 0.2
38 67 3.5406 3.7 10.0 7.5 0.2
38 68 3.5406 3.7 10.0 7.5 0.2
38 69 3.5406 3.7 10.0 7.5 0.2
38 70 3.5406 3.7 10.0 7.5 0.2
38 71 3.5406 3.7 10.0 7.5 0.2
38 72 3.5406 3.7 10.0 7.5 0.2
38 73 3.5406 3.7 10 7.5 -1.0
38 74 3.5406 3.7 10.0 7.5 0.2
38 75 3.5406 3.7 10.0 7.5 0.2
38 76 3.5406 3.7 10.0 7.5 0.2
39 40 3.5406 3.7 10.0 
39 41 3.5406 3.7 10.0 
39 42 3.5406 3.7 10 7.5 -1.0
39 43 3.5406 3.7 10 7.5 -1.0
39 44 3.5406 3.7 10.0 7.5 0.2
39 45 3.5406 3.7 10.0 7.5 0.2
39 46 3.5406 3.7 10.0 7.5 0.2
39 47 3.5406 3.7 10.0 7.5 0.2
39 48 3.5406 3.7 10.0 7.5 0.2
39 50 3.5406 3.7 10.0 7.5 0.2
39 51 3.5406 3.7 10.0 7.5 0.2
39 52 3.5406 3.7 10.0 7.5 0.2
39 53 3.5406 3.7 10.0 7.5 0.2
39 54 3.5406 3.7 10.0 7.5 0.2
39 56 3.5406 3.7 10.0 7.5 0.2
39 57 3.5406 3.7 10.0 7.5 0.2
39 58 3.5406 3.7 10.0 7.5 0.2
39 59 3.5406 3.7 10.0 7.5 0.2
39 60 3.5406 3.7 10.0 7.5 0.2
39 61 3.5406 3.7 10.0 7.5 0.2
39 62 3.5406 3.7 10.0 7.5 0.2
39 63 3.5406 3.7 10.0 7.5 0.2
39 64 3.5406 3.7 10.0 7.5 0.2
39 65 3.5406 3.7 10.0 7.5 0.2
39 66 3.5406 3.7 10.0 7.5 0.2
39 67 3.5406 3.7 10.0 7.5 0.2
39 68 3.5406 3.7 10.0 7.5 0.2
39 69 3.5406 3.7 10.0 7.5 0.2
39 70 3.5406 3.7 10.0 7.5 0.2
39 71 3.5406 3.7 10.0 7.5 0.2
39 72 3.5406 3.7 10.0 7.5 0.2
39 73 3.5406 3.7 10.0 7.5 0.2
39 74 3.5406 3.7 10.0 7.5 0.2
39 75 3.5406 3.7 10.0 7.5 0.2
39 76 3.5406 3.7 10.0 7.5 0.2
40 41 3.5406 3.7 10.0 
40 42 3.5406 3.7 10.0 
40 43 3.5406 3.7 10 7.5 -1.0
40 44 3.5406 3.7 10.0 7.5 0.2
40 45 3.5406 3.7 10.0 7.5 0.2
40 46 3.5406 3.7 10.0 7.5 0.2
40 47 3.5406 3.7 10.0 7.5 0.2
40 48 3.5406 3.7 10.0 7.5 0.2
40 50 3.5406 3.7 10.0 7.5 0.2
40 51 3.5406 3.7 10.0 7.5 0.2
40 52 3.5406 3.7 10.0 7.5 0.2
40 53 3.5406 3.7 10.0 7.5 0.2
40 54 3.5406 3.7 10.0 7.5 0.2
40 56 3.5406 3.7 10.0 7.5 0.2
40 57 3.5406 3.7 10.0 7.5 0.2
40 58 3.5406 3.7 10.0 7.5 0.2
40 59 3.5406 3.7 10.0 7.5 0.2
40 60 3.5406 3.7 10.0 7.5 0.2
40 61 3.5406 3.7 10.0 7.5 0.2
40 62 3.5406 3.7 10.0 7.5 0.2
40 63 3.5406 3.7 10.0 7.5 0.2
40 64 3.5406 3.7 10.0 7.5 0.2
40 65 3.5406 3.7 10.0 7.5 0.2
40 66 3.5406 3.7 10.0 7.5 0.2
40 67 3.5406 3.7 10.0 7.5 0.2
40 68 3.5406 3.7 10.0 7.5 0.2
40 69 3.5406 3.7 10.0 7.5 0.2
40 70 3.5406 3.7 10.0 7.5 0.2
40 71 3.5406 3.7 10.0 7.5 0.2
40 72 3.5406 3.7 10.0 7.5 0.2
40 73 3.5406 3.7 10.0 7.5 0.2
40 74 3.5406 3.7 10.0 7.5 0.2
40 75 3.5406 3.7 10.0 7.5 0.2
40 76 3.5406 3.7 10.0 7.5 0.2
41 42 3.5406 3.7 10.0 
41 43 3.5406 3.7 10.0 
41 44 3.5406 3.7 10.0 7.5 0.2
41 45 3.5406 3.7 10.0 7.5 0.2
41 46 3.5406 3.7 10.0 7.5 0.2
41 47 3.5406 3.7 10.0 7.5 0.2
41 48 3.5406 3.7 10.0 7.5 0.2
41 50 3.5406 3.7 10.0 7.5 0.2
41 51 3.5406 3.7 10.0 7.5 0.2
41 52 3.5406 3.7 10.0 7.5 0.2
41 53 3.5406 3.7 10.0 7.5 0.2
41 54 3.5406 3.7 10.0 7.5 0.2
41 56 3.5406 3.7 10.0 7.5 0.2
41 57 3.5406 3.7 10.0 7.5 0.2
41 58 3.5406 3.7 10.0 7.5 0.2
41 59 3.5406 3.7 10.0 7.5 0.2
41 60 3.5406 3.7 10.0 7.5 0.2
41 61 3.5406 3.7 10.0 7.5 0.2
41 62 3.5406 3.7 10.0 7.5 0.2
41 63 3.5406 3.7 10.0 7.5 0.2
41 64 3.5406 3.7 10.0 7.5 0.2
41 65 3.5406 3.7 10.0 7.5 0.2
41 66 3.5406 3.7 10.0 7.5 0.2
41 67 3.5406 3.7 10.0 7.5 0.2
41 68 3.5406 3.7 10.0 7.5 0.2
41 69 3.5406 3.7 10.0 7.5 0.2
41 70 3.5406 3.7 10.0 7.5 0.2
41 71 3.5406 3.7 10.0 7.5 0.2
41 72 3.5406 3.7 10.0 7.5 0.2
41 73 3.5406 3.7 10.0 7.5 0.2
41 74 3.5406 3.7 10.0 7.5 0.2
41 75 3.5406 3.7 10.0 7.5 0.2
41 76 3.5406 3.7 10 7.5 -1.0
42 43 3.5406 3.7 10.0 
42 44 3.5406 3.7 10.0 
42 45 3.5406 3.7 10.0 7.5 0.2
42 46 3.5406 3.7 10.0 7.5 0.2
42 47 3.5406 3.7 10.0 7.5 0.2
42 48 3.5406 3.7 10.0 7.5 0.2
42 50 3.5406 3.7 10.0 7.5 0.2
42 51 3.5406 3.7 10.0 7.5 0.2
42 52 3.5406 3.7 10.0 7.5 0.2
42 53 3.5406 3.7 10.0 7.5 0.2
42 54 3.5406 3.7 10.0 7.5 0.2
42 56 3.5406 3.7 10.0 7.5 0.2
42 57 3.5406 3.7 10.0 7.5 0.2
42 58 3.5406 3.7 10.0 7.5 0.2
42 59 3.5406 3.7 10.0 7.5 0.2
42 60 3.5406 3.7 10.0 7.5 0.2
42 61 3.5406 3.7 10.0 7.5 0.2
42 62 3.5406 3.7 10.0 7.5 0.2
42 63 3.5406 3.7 10.0 7.5 0.2
42 64 3.5406 3.7 10.0 7.5 0.2
42 65 3.5406 3.7 10.0 7.5 0.2
42 66 3.5406 3.7 10.0 7.5 0.2
42 67 3.5406 3.7 10.0 7.5 0.2
42 68 3.5406 3.7 10.0 7.5 0.2
42 69 3.5406 3.7 10.0 7.5 0.2
42 70 3.5406 3.7 10.0 7.5 0.2
42 71 3.5406 3.7 10.0 7.5 0.2
42 72 3.5406 3.7 10.0 7.5 0.2
42 73 3.5406 3.7 10 7.5 -1.0
42 74 3.5406 3.7 10 7.5 -1.0
42 75 3.5406 3.7 10 7.5 -1.0
42 76 3.5406 3.7 10 7.5 -1.0
43 44 3.5406 3.7 10.0 
43 45 3.5406 3.7 10.0 
43 46 3.5406 3.7 10.0 7.5 0.2
43 47 3.5406 3.7 10.0 7.5 0.2
43 48 3.5406 3.7 10.0 7.5 0.2
43 50 3.5406 3.7 10.0 7.5 0.2
43 51 3.5406 3.7 10.0 7.5 0.2
43 52 3.5406 3.7 10.0 7.5 0.2
43 53 3.5406 3.7 10.0 7.5 0.2
43 54 3.5406 3.7 10.0 7.5 0.2
43 56 3.5406 3.7 10.0 7.5 0.2
43 57 3.5406 3.7 10.0 7.5 0.2
43 58 3.5406 3.7 10.0 7.5 0.2
43 59 3.5406 3.7 10.0 7.5 0.2
43 60 3.5406 3.7 10.0 7.5 0.2
43 61 3.5406 3.7 10.0 7.5 0.2
43 62 3.5406 3.7 10.0 7.5 0.2
43 63 3.5406 3.7 10.0 7.5 0.2
43 64 3.5406 3.7 10.0 7.5 0.2
43 65 3.5406 3.7 10.0 7.5 0.2
43 66 3.5406 3.7 10.0 7.5 0.2
43 67 3.5406 3.7 10.0 7.5 0.2
43 68 3.5406 3.7 10.0 7.5 0.2
43 69 3.5406 3.7 10.0 7.5 0.2
43 70 3.5406 3.7 10.0 7.5 0.2
43 71 3.5406 3.7 10 7.5 -1.0
43 72 3.5406 3.7 10.0 7.5 0.2
43 73 3.5406 3.7 10 7.5 -1.0
43 74 3.5406 3.7 10.0 7.5 0.2
43 75 3.5406 3.7 10.0 7.5 0.2
43 76 3.5406 3.7 10.0 7.5 0.2
44 45 3.5406 3.7 10.0 
44 46 3.5406 3.7 10.0 
44 47 3.5406 3.7 10.0 7.5 0.2
44 48 3.5406 3.7 10.0 7.5 0.2
44 50 3.5406 3.7 10.0 7.5 0.2
44 51 3.5406 3.7 10 7.5 -1.0
44 52 3.5406 3.7 10.0 7.5 0.2
44 53 3.5406 3.7 10.0 7.5 0.2
44 54 3.5406 3.7 10.0 7.5 0.2
44 56 3.5406 3.7 10.0 7.5 0.2
44 57 3.5406 3.7 10.0 7.5 0.2
44 58 3.5406 3.7 10.0 7.5 0.2
44 59 3.5406 3.7 10.0 7.5 0.2
44 60 3.5406 3.7 10.0 7.5 0.2
44 61 3.5406 3.7 10.0 7.5 0.2
44 62 3.5406 3.7 10.0 7.5 0.2
44 63 3.5406 3.7 10.0 7.5 0.2
44 64 3.5406 3.7 10.0 7.5 0.2
44 65 3.5406 3.7 10.0 7.5 0.2
44 66 3.5406 3.7 10.0 7.5 0.2
44 67 3.5406 3.7 10.0 7.5 0.2
44 68 3.5406 3.7 10.0 7.5 0.2
44 69 3.5406 3.7 10.0 7.5 0.2
44 70 3.5406 3.7 10.0 7.5 0.2
44 71 3.5406 3.7 10 7.5 -1.0
44 72 3.5406 3.7 10 7.5 -1.0
44 73 3.5406 3.7 10 7.5 -1.0
44 74 3.5406 3.7 10 7.5 -1.0
44 75 3.5406 3.7 10.0 7.5 0.2
44 76 3.5406 3.7 10.0 7.5 0.2
45 46 3.5406 3.7 10.0 
45 47 3.5406 3.7 10.0 
45 48 3.5406 3.7 10.0 7.5 0.2
45 50 3.5406 3.7 10.0 7.5 0.2
45 51 3.5406 3.7 10 7.5 -1.0
45 52 3.5406 3.7 10 7.5 -1.0
45 53 3.5406 3.7 10.0 7.5 0.2
45 54 3.5406 3.7 10.0 7.5 0.2
45 56 3.5406 3.7 10.0 7.5 0.2
45 57 3.5406 3.7 10.0 7.5 0.2
45 58 3.5406 3.7 10.0 7.5 0.2
45 59 3.5406 3.7 10.0 7.5 0.2
45 60 3.5406 3.7 10.0 7.5 0.2
45 61 3.5406 3.7 10.0 7.5 0.2
45 62 3.5406 3.7 10.0 7.5 0.2
45 63 3.5406 3.7 10.0 7.5 0.2
45 64 3.5406 3.7 10.0 7.5 0.2
45 65 3.5406 3.7 10.0 7.5 0.2
45 66 3.5406 3.7 10.0 7.5 0.2
45 67 3.5406 3.7 10.0 7.5 0.2
45 68 3.5406 3.7 10.0 7.5 0.2
45 69 3.5406 3.7 10 7.5 -1.0
45 70 3.5406 3.7 10 7.5 -1.0
45 71 3.5406 3.7 10 7.5 -1.0
45 72 3.5406 3.7 10.0 7.5 0.2
45 73 3.5406 3.7 10.0 7.5 0.2
45 74 3.5406 3.7 10.0 7.5 0.2
45 75 3.5406 3.7 10.0 7.5 0.2
45 76 3.5406 3.7 10.0 7.5 0.2
46 47 3.5406 3.7 10.0 
46 48 3.5406 3.7 10.0 
46 50 3.5406 3.7 10 7.5 -1.0
46 51 3.5406 3.7 10 7.5 -1.0
46 52 3.5406 3.7 10 7.5 -1.0
46 53 3.5406 3.7 10.0 7.5 0.2
46 54 3.5406 3.7 10.0 7.5 0.2
46 56 3.5406 3.7 10.0 7.5 0.2
46 57 3.5406 3.7 10.0 7.5 0.2
46 58 3.5406 3.7 10.0 7.5 0.2
46 59 3.5406 3.7 10.0 7.5 0.2
46 60 3.5406 3.7 10.0 7.5 0.2
46 61 3.5406 3.7 10.0 7.5 0.2
46 62 3.5406 3.7 10.0 7.5 0.2
46 63 3.5406 3.7 10.0 7.5 0.2
46 64 3.5406 3.7 10.0 7.5 0.2
46 65 3.5406 3.7 10.0 7.5 0.2
46 66 3.5406 3.7 10.0 7.5 0.2
46 67 3.5406 3.7 10.0 7.5 0.2
46 68 3.5406 3.7 10.0 7.5 0.2
46 69 3.5406 3.7 10 7.5 -1.0
46 70 3.5406 3.7 10 7.5 -1.0
46 71 3.5406 3.7 10.0 7.5 0.2
46 72 3.5406 3.7 10 7.5 -1.0
46 73 3.5406 3.7 10.0 7.5 0.2
46 74 3.5406 3.7 10.0 7.5 0.2
46 75 3.5406 3.7 10.0 7.5 0.2
46 76 3.5406 3.7 10.0 7.5 0.2
47 48 3.5406 3.7 10.0 
47 50 3.5406 3.7 10 7.5 -1.0
47 51 3.5406 3.7 10.0 7.5 0.2
47 52 3.5406 3.7 10 7.5 -1.0
47 53 3.5406 3.7 10.0 7.5 0.2
47 54 3.5406 3.7 10.0 7.5 0.2
47 56 3.5406 3.7 10.0 7.5 0.2
47 57 3.5406 3.7 10.0 7.5 0.2
47 58 3.5406 3.7 10.0 7.5 0.2
47 59 3.5406 3.7 10.0 7.5 0.2
47 60 3.5406 3.7 10.0 7.5 0.2
47 61 3.5406 3.7 10 7.5 -1.0
47 62 3.5406 3.7 10.0 7.5 0.2
47 63 3.5406 3.7 10 7.5 -1.0
47 64 3.5406 3.7 10.0 7.5 0.2
47 65 3.5406 3.7 10.0 7.5 0.2
47 66 3.5406 3.7 10.0 7.5 0.2
47 67 3.5406 3.7 10 7.5 -1.0
47 68 3.5406 3.7 10.0 7.5 0.2
47 69 3.5406 3.7 10 7.5 -1.0
47 70 3.5406 3.7 10 7.5 -1.0
47 71 3.5406 3.7 10.0 7.5 0.2
47 72 3.5406 3.7 10.0 7.5 0.2
47 73 3.5406 3.7 10.0 7.5 0.2
47 74 3.5406 3.7 10.0 7.5 0.2
47 75 3.5406 3.7 10.0 7.5 0.2
47 76 3.5406 3.7 10.0 7.5 0.2
48 50 3.5406 3.7 10.0 
48 51 3.5406 3.7 10.0 7.5 0.2
48 52 3.5406 3.7 10.0 7.5 0.2
48 53 3.5406 3.7 10.0 7.5 0.2
48 54 3.5406 3.7 10.0 7.5 0.2
48 56 3.5406 3.7 10.0 7.5 0.2
48 57 3.5406 3.7 10.0 7.5 0.2
48 58 3.5406 3.7 10.0 7.5 0.2
48 59 3.5406 3.7 10.0 7.5 0.2
48 60 3.5406 3.7 10.0 7.5 0.2
48 61 3.5406 3.7 10 7.5 -1.0
48 62 3.5406 3.7 10.0 7.5 0.2
48 63 3.5406 3.7 10.0 7.5 0.2
48 64 3.5406 3.7 10.0 7.5 0.2
48 65 3.5406 3.7 10.0 7.5 0.2
48 66 3.5406 3.7 10.0 7.5 0.2
48 67 3.5406 3.7 10.0 7.5 0.2
48 68 3.5406 3.7 10.0 7.5 0.2
48 69 3.5406 3.7 10.0 7.5 0.2
48 70 3.5406 3.7 10.0 7.5 0.2
48 71 3.5406 3.7 10.0 7.5 0.2
48 72 3.5406 3.7 10.0 7.5 0.2
48 73 3.5406 3.7 10.0 7.5 0.2
48 74 3.5406 3.7 10.0 7.5 0.2
48 75 3.5406 3.7 10.0 7.5 0.2
48 76 3.5406 3.7 10.0 7.5 0.2
50 51 3.5406 3.7 10.0 
50 52 3.5406 3.7 10.0 
50 53 3.5406 3.7 10.0 7.5 0.2
50 54 3.5406 3.7 10.0 7.5 0.2
50 56 3.5406 3.7 10.0 7.5 0.2
50 57 3.5406 3.7 10.0 7.5 0.2
50 58 3.5406 3.7 10.0 7.5 0.2
50 59 3.5406 3.7 10.0 7.5 0.2
50 60 3.5406 3.7 10.0 7.5 0.2
50 61 3.5406 3.7 10 7.5 -1.0
50 62 3.5406 3.7 10.0 7.5 0.2
50 63 3.5406 3.7 10.0 7.5 0.2
50 64 3.5406 3.7 10.0 7.5 0.2
50 65 3.5406 3.7 10.0 7.5 0.2
50 66 3.5406 3.7 10.0 7.5 0.2
50 67 3.5406 3.7 10.0 7.5 0.2
50 68 3.5406 3.7 10.0 7.5 0.2
50 69 3.5406 3.7 10.0 7.5 0.2
50 70 3.5406 3.7 10.0 7.5 0.2
50 71 3.5406 3.7 10.0 7.5 0.2
50 72 3.5406 3.7 10.0 7.5 0.2
50 73 3.5406 3.7 10.0 7.5 0.2
50 74 3.5406 3.7 10.0 7.5 0.2
50 75 3.5406 3.7 10.0 7.5 0.2
50 76 3.5406 3.7 10.0 7.5 0.2
51 52 3.5406 3.7 10.0 
51 53 3.5406 3.7 10.0 
51 54 3.5406 3.7 10.0 7.5 0.2
51 56 3.5406 3.7 10.0 7.5 0.2
51 57 3.5406 3.7 10.0 7.5 0.2
51 58 3.5406 3.7 10.0 7.5 0.2
51 59 3.5406 3.7 10.0 7.5 0.2
51 60 3.5406 3.7 10.0 7.5 0.2
51 61 3.5406 3.7 10.0 7.5 0.2
51 62 3.5406 3.7 10.0 7.5 0.2
51 63 3.5406 3.7 10.0 7.5 0.2
51 64 3.5406 3.7 10.0 7.5 0.2
51 65 3.5406 3.7 10.0 7.5 0.2
51 66 3.5406 3.7 10.0 7.5 0.2
51 67 3.5406 3.7 10.0 7.5 0.2
51 68 3.5406 3.7 10.0 7.5 0.2
51 69 3.5406 3.7 10.0 7.5 0.2
51 70 3.5406 3.7 10.0 7.5 0.2
51 71 3.5406 3.7 10.0 7.5 0.2
51 72 3.5406 3.7 10.0 7.5 0.2
51 73 3.5406 3.7 10.0 7.5 0.2
51 74 3.5406 3.7 10.0 7.5 0.2
51 75 3.5406 3.7 10.0 7.5 0.2
51 76 3.5406 3.7 10.0 7.5 0.2
52 53 3.5406 3.7 10.0 
52 54 3.5406 3.7 10.0 
52 56 3.5406 3.7 10 7.5 -1.0
52 57 3.5406 3.7 10.0 7.5 0.2
52 58 3.5406 3.7 10.0 7.5 0.2
52 59 3.5406 3.7 10.0 7.5 0.2
52 60 3.5406 3.7 10.0 7.5 0.2
52 61 3.5406 3.7 10 7.5 -1.0
52 62 3.5406 3.7 10.0 7.5 0.2
52 63 3.5406 3.7 10.0 7.5 0.2
52 64 3.5406 3.7 10.0 7.5 0.2
52 65 3.5406 3.7 10.0 7.5 0.2
52 66 3.5406 3.7 10.0 7.5 0.2
52 67 3.5406 3.7 10.0 7.5 0.2
52 68 3.5406 3.7 10.0 7.5 0.2
52 69 3.5406 3.7 10 7.5 -1.0
52 70 3.5406 3.7 10.0 7.5 0.2
52 71 3.5406 3.7 10.0 7.5 0.2
52 72 3.5406 3.7 10.0 7.5 0.2
52 73 3.5406 3.7 10.0 7.5 0.2
52 74 3.5406 3.7 10.0 7.5 0.2
52 75 3.5406 3.7 10.0 7.5 0.2
52 76 3.5406 3.7 10.0 7.5 0.2
53 54 3.5406 3.7 10.0 
53 56 3.5406 3.7 10 7.5 -1.0
53 57 3.5406 3.7 10.0 7.5 0.2
53 58 3.5406 3.7 10.0 7.5 0.2
53 59 3.5406 3.7 10.0 7.5 0.2
53 60 3.5406 3.7 10.0 7.5 0.2
53 61 3.5406 3.7 10.0 7.5 0.2
53 62 3.5406 3.7 10.0 7.5 0.2
53 63 3.5406 3.7 10.0 7.5 0.2
53 64 3.5406 3.7 10.0 7.5 0.2
53 65 3.5406 3.7 10.0 7.5 0.2
53 66 3.5406 3.7 10.0 7.5 0.2
53 67 3.5406 3.7 10.0 7.5 0.2
53 68 3.5406 3.7 10.0 7.5 0.2
53 69 3.5406 3.7 10.0 7.5 0.2
53 70 3.5406 3.7 10.0 7.5 0.2
53 71 3.5406 3.7 10.0 7.5 0.2
53 72 3.5406 3.7 10.0 7.5 0.2
53 73 3.5406 3.7 10.0 7.5 0.2
53 74 3.5406 3.7 10.0 7.5 0.2
53 75 3.5406 3.7 10.0 7.5 0.2
53 76 3.5406 3.7 10.0 7.5 0.2
54 56 3.5406 3.7 10.0 
54 57 3.5406 3.7 10.0 7.5 0.2
54 58 3.5406 3.7 10.0 7.5 0.2
54 59 3.5406 3.7 10.0 7.5 0.2
54 60 3.5406 3.7 10.0 7.5 0.2
54 61 3.5406 3.7 10.0 7.5 0.2
54 62 3.5406 3.7 10.0 7.5 0.2
54 63 3.5406 3.7 10.0 7.5 0.2
54 64 3.5406 3.7 10.0 7.5 0.2
54 65 3.5406 3.7 10.0 7.5 0.2
54 66 3.5406 3.7 10.0 7.5 0.2
54 67 3.5406 3.7 10.0 7.5 0.2
54 68 3.5406 3.7 10.0 7.5 0.2
54 69 3.5406 3.7 10.0 7.5 0.2
54 70 3.5406 3.7 10.0 7.5 0.2
54 71 3.5406 3.7 10.0 7.5 0.2
54 72 3.5406 3.7 10.0 7.5 0.2
54 73 3.5406 3.7 10.0 7.5 0.2
54 74 3.5406 3.7 10.0 7.5 0.2
54 75 3.5406 3.7 10.0 7.5 0.2
54 76 3.5406 3.7 10.0 7.5 0.2
56 57 3.5406 3.7 10.0 
56 58 3.5406 3.7 10.0 
56 59 3.5406 3.7 10.0 7.5 0.2
56 60 3.5406 3.7 10 7.5 -1.0
56 61 3.5406 3.7 10 7.5 -1.0
56 62 3.5406 3.7 10.0 7.5 0.2
56 63 3.5406 3.7 10.0 7.5 0.2
56 64 3.5406 3.7 10.0 7.5 0.2
56 65 3.5406 3.7 10.0 7.5 0.2
56 66 3.5406 3.7 10.0 7.5 0.2
56 67 3.5406 3.7 10.0 7.5 0.2
56 68 3.5406 3.7 10.0 7.5 0.2
56 69 3.5406 3.7 10.0 7.5 0.2
56 70 3.5406 3.7 10.0 7.5 0.2
56 71 3.5406 3.7 10.0 7.5 0.2
56 72 3.5406 3.7 10.0 7.5 0.2
56 73 3.5406 3.7 10.0 7.5 0.2
56 74 3.5406 3.7 10.0 7.5 0.2
56 75 3.5406 3.7 10.0 7.5 0.2
56 76 3.5406 3.7 10.0 7.5 0.2
57 58 3.5406 3.7 10.0 
57 59 3.5406 3.7 10.0 
57 60 3.5406 3.7 10 7.5 -1.0
57 61 3.5406 3.7 10.0 7.5 0.2
57 62 3.5406 3.7 10.0 7.5 0.2
57 63 3.5406 3.7 10.0 7.5 0.2
57 64 3.5406 3.7 10.0 7.5 0.2
57 65 3.5406 3.7 10.0 7.5 0.2
57 66 3.5406 3.7 10.0 7.5 0.2
57 67 3.5406 3.7 10.0 7.5 0.2
57 68 3.5406 3.7 10.0 7.5 0.2
57 69 3.5406 3.7 10.0 7.5 0.2
57 70 3.5406 3.7 10.0 7.5 0.2
57 71 3.5406 3.7 10.0 7.5 0.2
57 72 3.5406 3.7 10.0 7.5 0.2
57 73 3.5406 3.7 10.0 7.5 0.2
57 74 3.5406 3.7 10.0 7.5 0.2
57 75 3.5406 3.7 10.0 7.5 0.2
57 76 3.5406 3.7 10.0 7.5 0.2
58 59 3.5406 3.7 10.0 
58 60 3.5406 3.7 10.0 
58 61 3.5406 3.7 10 7.5 -1.0
58 62 3.5406 3.7 10.0 7.5 0.2
58 63 3.5406 3.7 10 7.5 -1.0
58 64 3.5406 3.7 10.0 7.5 0.2
58 65 3.5406 3.7 10.0 7.5 0.2
58 66 3.5406 3.7 10.0 7.5 0.2
58 67 3.5406 3.7 10.0 7.5 0.2
58 68 3.5406 3.7 10.0 7.5 0.2
58 69 3.5406 3.7 10.0 7.5 0.2
58 70 3.5406 3.7 10.0 7.5 0.2
58 71 3.5406 3.7 10.0 7.5 0.2
58 72 3.5406 3.7 10.0 7.5 0.2
58 73 3.5406 3.7 10.0 7.5 0.2
58 74 3.5406 3.7 10.0 7.5 0.2
58 75 3.5406 3.7 10.0 7.5 0.2
58 76 3.5406 3.7 10.0 7.5 0.2
59 60 3.5406 3.7 10.0 
59 61 3.5406 3.7 10.0 
59 62 3.5406 3.7 10 7.5 -1.0
59 63 3.5406 3.7 10 7.5 -1.0
59 64 3.5406 3.7 10.0 7.5 0.2
59 65 3.5406 3.7 10.0 7.5 0.2
59 66 3.5406 3.7 10.0 7.5 0.2
59 67 3.5406 3.7 10.0 7.5 0.2
59 68 3.5406 3.7 10.0 7.5 0.2
59 69 3.5406 3.7 10.0 7.5 0.2
59 70 3.5406 3.7 10.0 7.5 0.2
59 71 3.5406 3.7 10.0 7.5 0.2
59 72 3.5406 3.7 10.0 7.5 0.2
59 73 3.5406 3.7 10.0 7.5 0.2
59 74 3.5406 3.7 10.0 7.5 0.2
59 75 3.5406 3.7 10.0 7.5 0.2
59 76 3.5406 3.7 10.0 7.5 0.2
60 61 3.5406 3.7 10.0 
60 62 3.5406 3.7 10.0 
60 63 3.5406 3.7 10.0 7.5 0.2
60 64 3.5406 3.7 10.0 7.5 0.2
60 65 3.5406 3.7 10.0 7.5 0.2
60 66 3.5406 3.7 10.0 7.5 0.2
60 67 3.5406 3.7 10.0 7.5 0.2
60 68 3.5406 3.7 10.0 7.5 0.2
60 69 3.5406 3.7 10.0 7.5 0.2
60 70 3.5406 3.7 10.0 7.5 0.2
60 71 3.5406 3.7 10.0 7.5 0.2
60 72 3.5406 3.7 10.0 7.5 0.2
60 73 3.5406 3.7 10.0 7.5 0.2
60 74 3.5406 3.7 10.0 7.5 0.2
60 75 3.5406 3.7 10.0 7.5 0.2
60 76 3.5406 3.7 10.0 7.5 0.2
61 62 3.5406 3.7 10.0 
61 63 3.5406 3.7 10.0 
61 64 3.5406 3.7 10.0 7.5 0.2
61 65 3.5406 3.7 10.0 7.5 0.2
61 66 3.5406 3.7 10.0 7.5 0.2
61 67 3.5406 3.7 10.0 7.5 0.2
61 68 3.5406 3.7 10.0 7.5 0.2
61 69 3.5406 3.7 10.0 7.5 0.2
61 70 3.5406 3.7 10.0 7.5 0.2
61 71 3.5406 3.7 10.0 7.5 0.2
61 72 3.5406 3.7 10.0 7.5 0.2
61 73 3.5406 3.7 10.0 7.5 0.2
61 74 3.5406 3.7 10.0 7.5 0.2
61 75 3.5406 3.7 10.0 7.5 0.2
61 76 3.5406 3.7 10.0 7.5 0.2
62 63 3.5406 3.7 10.0 
62 64 3.5406 3.7 10.0 
62 65 3.5406 3.7 10.0 7.5 0.2
62 66 3.5406 3.7 10.0 7.5 0.2
62 67 3.5406 3.7 10.0 7.5 0.2
62 68 3.5406 3.7 10.0 7.5 0.2
62 69 3.5406 3.7 10.0 7.5 0.2
62 70 3.5406 3.7 10.0 7.5 0.2
62 71 3.5406 3.7 10.0 7.5 0.2
62 72 3.5406 3.7 10.0 7.5 0.2
62 73 3.5406 3.7 10.0 7.5 0.2
62 74 3.5406 3.7 10.0 7.5 0.2
62 75 3.5406 3.7 10.0 7.5 0.2
62 76 3.5406 3.7 10.0 7.5 0.2
63 64 3.5406 3.7 10.0 
63 65 3.5406 3.7 10.0 
63 66 3.5406 3.7 10.0 7.5 0.2
63 67 3.5406 3.7 10 7.5 -1.0
63 68 3.5406 3.7 10.0 7.5 0.2
63 69 3.5406 3.7 10.0 7.5 0.2
63 70 3.5406 3.7 10.0 7.5 0.2
63 71 3.5406 3.7 10.0 7.5 0.2
63 72 3.5406 3.7 10.0 7.5 0.2
63 73 3.5406 3.7 10.0 7.5 0.2
63 74 3.5406 3.7 10.0 7.5 0.2
63 75 3.5406 3.7 10.0 7.5 0.2
63 76 3.5406 3.7 10.0 7.5 0.2
64 65 3.5406 3.7 10.0 
64 66 3.5406 3.7 10.0 
64 67 3.5406 3.7 10 7.5 -1.0
64 68 3.5406 3.7 10.0 7.5 0.2
64 69 3.5406 3.7 10.0 7.5 0.2
64 70 3.5406 3.7 10.0 7.5 0.2
64 71 3.5406 3.7 10.0 7.5 0.2
64 72 3.5406 3.7 10.0 7.5 0.2
64 73 3.5406 3.7 10.0 7.5 0.2
64 74 3.5406 3.7 10.0 7.5 0.2
64 75 3.5406 3.7 10.0 7.5 0.2
64 76 3.5406 3.7 10.0 7.5 0.2
65 66 3.5406 3.7 10.0 
65 67 3.5406 3.7 10.0 
65 68 3.5406 3.7 10.0 7.5 0.2
65 69 3.5406 3.7 10.0 7.5 0.2
65 70 3.5406 3.7 10.0 7.5 0.2
65 71 3.5406 3.7 10.0 7.5 0.2
65 72 3.5406 3.7 10.0 7.5 0.2
65 73 3.5406 3.7 10.0 7.5 0.2
65 74 3.5406 3.7 10.0 7.5 0.2
65 75 3.5406 3.7 10.0 7.5 0.2
65 76 3.5406 3.7 10.0 7.5 0.2
66 67 3.5406 3.7 10.0 
66 68 3.5406 3.7 10.0 
66 69 3.5406 3.7 10.0 7.5 0.2
66 70 3.5406 3.7 10.0 7.5 0.2
66 71 3.5406 3.7 10.0 7.5 0.2
66 72 3.5406 3.7 10.0 7.5 0.2
66 73 3.5406 3.7 10.0 7.5 0.2
66 74 3.5406 3.7 10.0 7.5 0.2
66 75 3.5406 3.7 10.0 7.5 0.2
66 76 3.5406 3.7 10.0 7.5 0.2
67 68 3.5406 3.7 10.0 
67 69 3.5406 3.7 10.0 
67 70 3.5406 3.7 10.0 7.5 0.2
67 71 3.5406 3.7 10.0 7.5 0.2
67 72 3.5406 3.7 10.0 7.5 0.2
67 73 3.5406 3.7 10.0 7.5 0.2
67 74 3.5406 3.7 10.0 7.5 0.2
67 75 3.5406 3.7 10.0 7.5 0.2
67 76 3.5406 3.7 10.0 7.5 0.2
68 69 3.5406 3.7 10.0 
68 70 3.5406 3.7 10.0 
68 71 3.5406 3.7 10.0 7.5 0.2
68 72 3.5406 3.7 10.0 7.5 0.2
68 73 3.5406 3.7 10.0 7.5 0.2
68 74 3.5406 3.7 10.0 7.5 0.2
68 75 3.5406 3.7 10.0 7.5 0.2
68 76 3.5406 3.7 10.0 7.5 0.2
69 70 3.5406 3.7 10.0 
69 71 3.5406 3.7 10.0 
69 72 3.5406 3.7 10.0 7.5 0.2
69 73 3.5406 3.7 10.0 7.5 0.2
69 74 3.5406 3.7 10.0 7.5 0.2
69 75 3.5406 3.7 10.0 7.5 0.2
69 76 3.5406 3.7 10.0 7.5 0.2
70 71 3.5406 3.7 10.0 
70 72 3.5406 3.7 10.0 
70 73 3.5406 3.7 10.0 7.5 0.2
70 74 3.5406 3.7 10.0 7.5 0.2
70 75 3.5406 3.7 10.0 7.5 0.2
70 76 3.5406 3.7 10.0 7.5 0.2
71 72 3.5406 3.7 10.0 
71 73 3.5406 3.7 10.0 
71 74 3.5406 3.7 10.0 7.5 0.2
71 75 3.5406 3.7 10.0 7.5 0.2
71 76 3.5406 3.7 10.0 7.5 0.2
72 73 3.5406 3.7 10.0 
72 74 3.5406 3.7 10.0 
72 75 3.5406 3.7 10.0 7.5 0.2
72 76 3.5406 3.7 10.0 7.5 0.2
73 74 3.5406 3.7 10.0 
73 75 3.5406 3.7 10.0 
73 76 3.5406 3.7 10.0 7.5 0.2
74 75 3.5406 3.7 10.0 
74 76 3.5406 3.7 10.0 
75 76 3.5406 3.7 10.0 
E.ELASTIC COLLISIONS
F.LINKED PAIRS
1 2 2.68 3.68 10 3.92 -10 4.92 -10000 5.02 10010 5.12
1 1 4.23 5.23 10 5.73 -1 6.15 1 7.05 -10 8.05 -10000 8.15 10010 8.25
2 2 4.23 5.23 10 5.73 -1 6.15 1 7.05 -10 8.05 -10000 8.15 10010 8.25
1 3 1.493 1.567
2 3 3.33 4.33 10 4.93 -10 5.93 -10000 6.03 10010 6.13
2 4 1.493 1.567
1 4 3.33 4.33 10 4.93 -10 5.93 -10000 6.03 10010 6.13
1 5 1.493 1.567
2 5 3.33 4.33 10 4.93 -10 5.93 -10000 6.03 10010 6.13
2 6 1.493 1.567
1 6 3.33 4.33 10 4.93 -10 5.93 -10000 6.03 10010 6.13
1 7 1.493 1.567
2 7 3.33 4.33 10 4.93 -10 5.93 -10000 6.03 10010 6.13
2 8 1.493 1.567
1 8 3.33 4.33 10 4.93 -10 5.93 -10000 6.03 10010 6.13
1 9 1.493 1.567 -10 1.5895 -10000 1.6795 10010 1.7795
2 9 3.33 4.33 10 4.93 -10 5.93 -10000 6.03 10010 6.13
2 10 1.493 1.567
1 10 3.33 4.33 10 4.93 -10 5.93 -10000 6.03 10010 6.13
1 11 1.493 1.567
2 11 3.33 4.33 10 4.93 -10 5.93 -10000 6.03 10010 6.13
1 13 1.493 1.567
2 13 3.33 4.33 10 4.93 -10 5.93 -10000 6.03 10010 6.13
2 14 1.493 1.567
1 14 3.33 4.33 10 4.93 -10 5.93 -10000 6.03 10010 6.13
1 15 1.493 1.567
2 15 3.33 4.33 10 4.93 -10 5.93 -10000 6.03 10010 6.13
2 16 1.493 1.567 -10 1.58697 -10000 1.67697 10010 1.77697
1 16 3.33 4.33 10 4.93 -10 5.93 -10000 6.03 10010 6.13
1 17 1.493 1.567
2 17 3.33 4.33 10 4.93 -10 5.93 -10000 6.03 10010 6.13
2 18 1.493 1.567
1 18 3.33 4.33 10 4.93 -10 5.93 -10000 6.03 10010 6.13
1 19 1.493 1.567
2 19 3.33 4.33 10 4.93 -10 5.93 -10000 6.03 10010 6.13
2 20 1.493 1.567
1 20 3.33 4.33 10 4.93 -10 5.93 -10000 6.03 10010 6.13
1 21 1.493 1.567
2 21 3.33 4.33 10 4.93 -10 5.93 -10000 6.03 10010 6.13
2 22 1.493 1.567
1 22 3.33 4.33 10 4.93 -10 5.93 -10000 6.03 10010 6.13
1 23 1.493 1.567
2 23 3.33 4.33 10 4.93 -10 5.93 -10000 6.03 10010 6.13
2 24 1.493 1.567 -10 1.57785 -10000 1.66785 10010 1.76785
1 24 3.33 4.33 10 4.93 -10 5.93 -10000 6.03 10010 6.13
1 25 1.493 1.567
2 25 3.33 4.33 10 4.93 -10 5.93 -10000 6.03 10010 6.13
2 26 1.493 1.567
1 26 3.33 4.33 10 4.93 -10 5.93 -10000 6.03 10010 6.13
1 27 1.493 1.567
2 27 3.33 4.33 10 4.93 -10 5.93 -10000 6.03 10010 6.13
2 28 1.493 1.567
1 28 3.33 4.33 10 4.93 -10 5.93 -10000 6.03 10010 6.13
1 29 1.493 1.567
2 29 3.33 4.33 10 4.93 -10 5.93 -10000 6.03 10010 6.13
2 30 1.493 1.567
1 30 3.33 4.33 10 4.93 -10 5.93 -10000 6.03 10010 6.13
1 31 1.493 1.567
2 31 3.33 4.33 10 4.93 -10 5.93 -10000 6.03 10010 6.13
2 32 1.493 1.567
1 32 3.33 4.33 10 4.93 -10 5.93 -10000 6.03 10010 6.13
1 33 1.493 1.567
2 33 3.33 4.33 10 4.93 -10 5.93 -10000 6.03 10010 6.13
2 34 1.493 1.567
1 34 3.33 4.33 10 4.93 -10 5.93 -10000 6.03 10010 6.13
1 35 1.493 1.567
2 35 3.33 4.33 10 4.93 -10 5.93 -10000 6.03 10010 6.13
2 36 1.493 1.567
1 36 3.33 4.33 10 4.93 -10 5.93 -10000 6.03 10010 6.13
2 38 1.493 1.567 -10 1.59417 -10000 1.68417 10010 1.78417
1 38 3.33 4.33 10 4.93 -10 5.93 -10000 6.03 10010 6.13
1 39 1.493 1.567
2 39 3.33 4.33 10 4.93 -10 5.93 -10000 6.03 10010 6.13
2 40 1.493 1.567
1 40 3.33 4.33 10 4.93 -10 5.93 -10000 6.03 10010 6.13
1 41 1.493 1.567
2 41 3.33 4.33 10 4.93 -10 5.93 -10000 6.03 10010 6.13
2 42 1.493 1.567
1 42 3.33 4.33 10 4.93 -10 5.93 -10000 6.03 10010 6.13
1 43 1.493 1.567
2 43 3.33 4.33 10 4.93 -10 5.93 -10000 6.03 10010 6.13
2 44 1.493 1.567
1 44 3.33 4.33 10 4.93 -10 5.93 -10000 6.03 10010 6.13
1 45 1.493 1.567
2 45 3.33 4.33 10 4.93 -10 5.93 -10000 6.03 10010 6.13
2 46 1.493 1.567 -10 1.59644 -10000 1.68644 10010 1.78644
1 46 3.33 4.33 10 4.93 -10 5.93 -10000 6.03 10010 6.13
1 47 1.493 1.567
2 47 3.33 4.33 10 4.93 -10 5.93 -10000 6.03 10010 6.13
2 48 1.493 1.567
1 48 3.33 4.33 10 4.93 -10 5.93 -10000 6.03 10010 6.13
2 50 1.493 1.567
1 50 3.33 4.33 10 4.93 -10 5.93 -10000 6.03 10010 6.13
1 51 1.493 1.567
2 51 3.33 4.33 10 4.93 -10 5.93 -10000 6.03 10010 6.13
2 52 1.493 1.567
1 52 3.33 4.33 10 4.93 -10 5.93 -10000 6.03 10010 6.13
1 53 1.493 1.567
2 53 3.33 4.33 10 4.93 -10 5.93 -10000 6.03 10010 6.13
2 54 1.493 1.567
1 54 3.33 4.33 10 4.93 -10 5.93 -10000 6.03 10010 6.13
2 56 1.493 1.567
1 56 3.33 4.33 10 4.93 -10 5.93 -10000 6.03 10010 6.13
1 57 1.493 1.567
2 57 3.33 4.33 10 4.93 -10 5.93 -10000 6.03 10010 6.13
2 58 1.493 1.567
1 58 3.33 4.33 10 4.93 -10 5.93 -10000 6.03 10010 6.13
1 59 1.493 1.567
2 59 3.33 4.33 10 4.93 -10 5.93 -10000 6.03 10010 6.13
2 60 1.493 1.567
1 60 3.33 4.33 10 4.93 -10 5.93 -10000 6.03 10010 6.13
1 61 1.493 1.567
2 61 3.33 4.33 10 4.93 -10 5.93 -10000 6.03 10010 6.13
2 62 1.493 1.567
1 62 3.33 4.33 10 4.93 -10 5.93 -10000 6.03 10010 6.13
1 63 1.493 1.567
2 63 3.33 4.33 10 4.93 -10 5.93 -10000 6.03 10010 6.13
2 64 1.493 1.567
1 64 3.33 4.33 10 4.93 -10 5.93 -10000 6.03 10010 6.13
1 65 1.493 1.567
2 65 3.33 4.33 10 4.93 -10 5.93 -10000 6.03 10010 6.13
2 66 1.493 1.567
1 66 3.33 4.33 10 4.93 -10 5.93 -10000 6.03 10010 6.13
1 67 1.493 1.567
2 67 3.33 4.33 10 4.93 -10 5.93 -10000 6.03 10010 6.13
2 68 1.493 1.567 -10 1.60281 -10000 1.69281 10010 1.79281
1 68 3.33 4.33 10 4.93 -10 5.93 -10000 6.03 10010 6.13
1 69 1.493 1.567
2 69 3.33 4.33 10 4.93 -10 5.93 -10000 6.03 10010 6.13
2 70 1.493 1.567
1 70 3.33 4.33 10 4.93 -10 5.93 -10000 6.03 10010 6.13
1 71 1.493 1.567
2 71 3.33 4.33 10 4.93 -10 5.93 -10000 6.03 10010 6.13
2 72 1.493 1.567
1 72 3.33 4.33 10 4.93 -10 5.93 -10000 6.03 10010 6.13
1 73 1.493 1.567 -10 1.57873 -10000 1.66873 10010 1.76873
2 73 3.33 4.33 10 4.93 -10 5.93 -10000 6.03 10010 6.13
2 74 1.493 1.567
1 74 3.33 4.33 10 4.93 -10 5.93 -10000 6.03 10010 6.13
1 75 1.493 1.567
2 75 3.33 4.33 10 4.93 -10 5.93 -10000 6.03 10010 6.13
2 76 1.493 1.567
1 76 3.33 4.33 10 4.93 -10 5.93 -10000 6.03 10010 6.13
H.LIST OF ATOMS
1 1   140.266000   139.413000   116.842000    -0.314349    -1.297776    -1.261940
2 3   139.112000   138.880000   117.649000     1.266002     1.557070     0.143752
3 2   140.850000   143.021000   117.898000    -2.279764    -2.327352    -1.350552
4 4   140.733000   144.148000   116.905000     0.306620    -2.715053    -1.842325
5 1   140.235000   144.058000   121.497000     0.782415     2.225141     0.191213
6 5   140.344000   143.050000   122.645000     0.754836    -0.903633    -2.769210
7 2   140.772000   147.436000   123.197000     1.082341    -1.884075    -1.616682
8 6   139.695000   148.498000   122.946000     1.895058     0.158100    -1.373740
9 1   142.605000   147.965000   126.503000    -0.880264    -0.347707    -0.460935
10 7   143.963000   147.317000   126.814000    -0.656688     1.339085     0.861646
11 2   141.691000   151.315000   128.143000    -0.954994    -0.695702     1.813783
12 8   140.219000   151.684000   128.307000     0.816032     1.782661     1.943085
13 1   144.225000   152.643000   130.662000    -0.925951     3.173374    -1.530797
14 9   145.744000   152.879000   130.299000     0.382601    -0.729345     1.016348
15 2   143.607000   155.180000   133.467000    -2.540491    -1.257368    -0.177173
16 10   143.919000   154.890000   134.938000     1.181488    -2.217635    -1.036270
17 1   145.422000   157.940000   131.553000    -1.849389     2.018238    -0.179114
18 11   146.979000   157.918000   131.445000     2.914228    -3.081631    -0.565821
19 2   142.978000   157.960000   128.678000    -0.336271    -0.582970    -1.425926
20 1   145.191000   156.012000   126.331000    -0.880305    -2.688009     1.092232
21 13   146.672000   155.717000   126.505000    -1.680096     0.314846     0.050917
22 2   143.542000   153.020000   124.653000     2.082149     1.054938     0.038208
23 14   142.113000   153.049000   124.015000     0.884623    -1.703305    -1.336102
24 1   145.720000   150.289000   123.176000    -2.421966    -0.665382     0.683119
25 15   146.995000   149.883000   123.934000    -1.253429     0.398660    -0.284344
26 2   144.505000   147.884000   120.512000     1.229836     1.869217     0.138517
27 16   144.091000   148.393000   119.078000     0.070098    -1.365462     0.341406
28 1   145.677000   144.275000   120.639000     1.309816     1.358463     0.314299
29 17   145.562000   143.686000   122.045000     0.779444    -0.509813    -2.149844
30 2   145.220000   141.341000   118.275000    -0.208462    -3.042268    -0.590917
31 18   145.827000   141.262000   116.894000    -0.264352    -1.840133     2.306932
32 1   144.288000   138.245000   120.193000    -1.822836     1.044003     0.944208
33 19   143.903000   138.590000   121.665000    -2.046790    -1.031867    -0.835802
34 2   142.468000   134.940000   119.980000    -0.504500     1.798700    -1.123206
35 20   143.213000   133.697000   119.506000     0.640481    -0.509532    -0.410694
36 1   139.829000   133.825000   122.494000     0.981277     1.141496     0.182223
37 21   138.469000   133.332000   121.952000     0.452439    -1.258564    -0.406308
38 2   142.054000   130.835000   123.210000     1.428580    -0.308625     1.440476
39 22   142.523000   129.820000   122.182000     0.097581    -1.307156     1.313957
40 1   144.796000   133.083000   124.566000     2.582396    -0.140400     0.465005
41 23   145.155000   134.515000   124.048000     0.311854    -0.198287    -3.155153
42 2   145.398000   133.064000   128.286000    -5.284213    -1.198686     0.038024
43 24   146.492000   132.193000   128.995000     0.114802     0.666793     0.401479
44 1   145.288000   136.201000   130.417000    -0.232763    -0.329278     1.557085
45 25   144.520000   136.300000   131.764000     1.979384     2.097314     0.610194
46 2   149.031000   135.722000   131.069000     0.156776    -0.962875     2.330200
47 26   149.667000   134.383000   131.447000     0.862103    -1.100617     1.337737
48 1   149.590000   135.945000   127.302000     1.230770    -0.738501     2.266813
49 27   149.064000   134.957000   126.255000     1.075680    -0.036523     1.607331
50 2   147.533000   139.097000   126.978000     1.630342     2.876880     1.649897
51 28   146.060000   139.257000   127.364000    -1.612545     2.239249     0.126645
52 1   149.596000   140.715000   129.736000     0.808032    -0.032418     0.859688
53 29   149.715000   140.203000   131.172000     2.357701     1.830104    -2.880363
54 2   152.794000   139.761000   127.880000     0.288083    -0.510498     0.552892
55 30   153.285000   138.336000   127.566000    -2.408930    -0.067498     0.070163
56 1   151.471000   141.391000   124.668000    -0.384789    -2.047241    -1.203497
57 31   150.193000   141.058000   123.911000     0.805037     1.254677    -0.394571
58 2   150.731000   144.570000   126.645000     1.864851    -0.218468     0.181590
59 32   149.708000   144.776000   127.806000     1.525156     0.011828     2.301739
60 1   154.269000   144.508000   128.115000     0.554521    -1.963767    -0.034037
61 33   154.996000   143.399000   128.865000     0.628688    -2.088535    -0.316903
62 2   155.718000   144.022000   124.643000     0.338165    -0.763000    -1.196149
63 34   155.398000   142.780000   123.810000     3.058542    -0.042678    -0.078505
64 1   153.808000   146.994000   123.233000     0.592489     0.166520     1.182827
65 35   152.615000   146.801000   122.320000     1.396456    -2.129795    -0.566903
66 2   153.676000   149.547000   126.072000    -0.704794    -0.046327    -1.266510
67 36   152.290000   149.814000   126.698000    -0.450600     1.712119     0.043940
68 1   156.345000   148.269000   128.431000    -1.348562     1.272501    -2.113042
69 2   154.226000   147.716000   131.509000    -0.723874     1.389084    -0.192905
70 38   152.693000   148.106000   131.595000    -0.782350     1.063084    -2.338795
71 1   155.461000   144.751000   133.594000     1.024983    -1.011522     0.644581
72 39   156.195000   145.142000   134.913000    -1.751156    -0.012551    -1.869052
73 2   152.817000   142.020000   133.889000    -1.860919    -0.085118    -0.071200
74 40   153.090000   140.629000   133.325000    -1.830400     1.432884    -2.260174
75 1   153.063000   142.063000   137.695000     0.010479    -1.521516     0.288415
76 41   154.340000   141.692000   138.468000     1.617538    -0.445523    -0.378508
77 2   151.738000   145.637000   137.712000    -0.603399    -2.191806    -0.963779
78 42   152.528000   146.854000   137.182000     1.030111    -2.111909    -0.014548
79 1   148.738000   144.875000   135.473000     2.692878    -1.725083     1.554591
80 43   148.876000   144.237000   134.066000     1.480980     0.831176    -0.281009
81 2   145.200000   144.329000   136.780000    -1.105846     0.819235     2.976309
82 44   144.847000   144.931000   138.118000    -0.055019     2.241968     2.749252
83 1   142.762000   143.573000   133.906000     1.848545    -0.761738    -0.328805
84 45   143.151000   142.655000   132.755000    -2.196586     0.678666     0.911557
85 2   139.034000   144.170000   134.401000    -1.147348     0.693370    -1.027457
86 46   138.639000   145.426000   135.286000    -0.916661    -2.478960    -1.779234
87 1   136.126000   143.062000   132.183000    -1.582040    -0.959670    -0.984222
88 47   136.494000   142.057000   131.109000     0.010658     1.082080     0.298209
89 2   132.443000   143.143000   133.083000    -0.465342     1.216716     0.348315
90 48   131.864000   141.977000   132.346000    -1.108413     1.373812     2.107946
91 1   133.399000   143.894000   136.655000     2.109910     1.882863    -0.519690
92 2   135.550000   140.796000   137.133000    -0.392807    -1.411810     0.843200
93 50   135.242000   139.519000   136.391000    -0.615745     1.301966     0.182401
94 1   139.349000   140.872000   137.643000    -3.226516     0.822178     1.350250
95 51   140.070000   141.025000   138.960000     0.723308    -0.064069     0.080508
96 2   140.826000   138.521000   135.012000    -0.022550     0.918998    -0.702719
97 52   141.043000   138.992000   133.571000    -0.692524    -0.604525    -2.629315
98 1   143.015000   135.657000   136.288000     1.320931     0.661179     1.183466
99 53   142.348000   134.540000   137.066000     0.288099    -0.917772     2.861060
100 2   146.262000   134.670000   134.514000    -0.820338     0.871782    -0.598628
101 54   147.638000   134.716000   135.242000    -0.942797     0.937687     1.733482
102 1   145.568000   130.962000   133.825000     1.202748     0.093625     0.855855
103 2   142.108000   131.439000   132.276000     1.854594    -1.598416    -0.422283
104 56   140.926000   132.191000   132.892000    -0.515084    -1.068256    -2.663253
105 1   141.574000   132.192000   128.563000    -1.472867    -0.393337     1.419941
106 57   141.299000   131.055000   127.533000     0.104058     0.087413    -0.507982
107 2   139.594000   135.109000   127.072000    -1.311674     0.252503    -0.705118
108 58   140.084000   135.888000   125.833000     1.186357    -0.303674    -0.752743
109 1   136.924000   132.583000   126.025000    -0.547862    -0.555466    -1.443782
110 59   137.059000   131.326000   125.154000     1.510902     0.705929     0.681469
111 2   136.418000   131.638000   129.693000    -1.180364    -0.312492    -0.195714
112 60   137.461000   131.331000   130.741000     1.998397    -0.175437     0.713425
113 1   135.079000   135.149000   130.251000    -0.387170     0.975626     1.071109
114 61   136.085000   136.254000   130.581000     0.279523     1.108493     4.015545
115 2   133.065000   135.352000   126.999000     0.508139     0.442482     0.493140
116 62   131.586000   135.282000   127.461000    -1.169163     2.069541    -0.466541
117 1   135.184000   138.263000   125.690000    -1.571300    -0.116961    -0.483399
118 63   136.650000   138.516000   126.172000    -0.844466    -0.135291    -0.684948
119 2   134.081000   138.773000   122.033000    -0.156610     0.810349     1.955845
120 64   132.599000   138.736000   121.727000     2.406960     0.033387    -0.204916
121 1   135.656000   140.847000   119.240000     0.373330     1.125207     0.711566
122 65   135.631000   140.642000   117.731000     0.793721    -2.064964     1.380564
123 2   135.907000   144.563000   119.881000    -2.842725     2.150025    -2.266423
124 66   135.023000   145.223000   118.784000    -0.164756     0.325500     0.354771
125 1   135.419000   144.253000   123.620000    -1.537695     0.225659    -0.246574
126 67   135.637000   142.923000   124.353000     0.329727    -0.912590    -1.734609
127 2   137.212000   146.762000   125.891000    -0.096094    -1.165580    -0.859522
128 68   136.699000   148.267000   125.985000     0.827153     2.069252     0.222300
129 1   139.149000   145.609000   128.980000     0.159345     0.967040     0.965147
130 69   140.310000   144.594000   128.967000    -0.977334     2.763271    -2.199549
131 2   140.179000   148.127000   131.650000    -2.475236     1.538725     0.854751
132 70   139.214000   148.565000   132.780000    -0.169404    -2.067166     0.865797
133 1   143.801000   148.145000   132.829000    -0.869315    -0.088579    -0.369207
134 71   144.925000   148.304000   131.753000    -0.545088    -0.227190    -0.623153
135 2   144.479000   149.369000   136.374000    -0.970323    -0.375897     1.003949
136 72   143.472000   149.181000   137.498000     1.166596     2.338088    -2.533527
137 1   148.145000   149.472000   137.481000     0.114732     0.018332     0.897404
138 73   149.114000   150.564000   136.907000    -0.634952     1.251882    -0.437403
139 2   149.161000   148.174000   140.896000     2.906482    -0.083577     0.872159
140 74   148.717000   146.760000   141.286000     0.878069    -1.962840    -2.002911
141 1   152.668000   149.502000   141.680000    -0.905218     3.210667     2.579068
142 75   153.080000   150.941000   141.406000    -0.544313    -0.226100     0.878662
143 2   154.873000   147.802000   144.253000     0.253758     0.993903     0.894967
144 76   155.651000   146.529000   143.923000     0.770532     0.309859     1.699312
145 1   155.845000   150.550000   146.686000    -0.248497    -3.481244    -2.249230
146 2   154.373000   153.813000   147.944000    -0.055086     1.056924    -0.973698
I.LIST OF BONDS
 1 2
 1 3
 1 4
 2 3
 1 5
 3 4
 3 5
 3 6
 4 5
 3 7
 5 6
 5 7
 5 8
 6 7
 5 9
 7 8
 7 9
 7 10
 8 9
 7 11
 9 10
 9 11
 9 12
 10 11
 9 13
 11 12
 11 13
 11 14
 12 13
 11 15
 13 14
 13 15
 13 16
 14 15
 13 17
 15 16
 15 17
 15 18
 16 17
 15 19
 17 18
 17 19
 17 20
 19 20
 19 21
 19 22
 20 21
 20 22
 20 23
 21 22
 20 24
 22 23
 22 24
 22 25
 23 24
 22 26
 24 25
 24 26
 24 27
 25 26
 24 28
 26 27
 26 28
 26 29
 27 28
 26 30
 28 29
 28 30
 28 31
 29 30
 28 32
 30 31
 30 32
 30 33
 31 32
 30 34
 32 33
 32 34
 32 35
 33 34
 32 36
 34 35
 34 36
 34 37
 35 36
 34 38
 36 37
 36 38
 36 39
 37 38
 36 40
 38 39
 38 40
 38 41
 39 40
 38 42
 40 41
 40 42
 40 43
 41 42
 40 44
 42 43
 42 44
 42 45
 43 44
 42 46
 44 45
 44 46
 44 47
 45 46
 44 48
 46 47
 46 48
 46 49
 47 48
 46 50
 48 49
 48 50
 48 51
 49 50
 48 52
 50 51
 50 52
 50 53
 51 52
 50 54
 52 53
 52 54
 52 55
 53 54
 52 56
 54 55
 54 56
 54 57
 55 56
 54 58
 56 57
 56 58
 56 59
 57 58
 56 60
 58 59
 58 60
 58 61
 59 60
 58 62
 60 61
 60 62
 60 63
 61 62
 60 64
 62 63
 62 64
 62 65
 63 64
 62 66
 64 65
 64 66
 64 67
 65 66
 64 68
 66 67
 66 68
 66 69
 68 69
 68 70
 68 71
 69 70
 69 71
 69 72
 70 71
 69 73
 71 72
 71 73
 71 74
 72 73
 71 75
 73 74
 73 75
 73 76
 74 75
 73 77
 75 76
 75 77
 75 78
 76 77
 75 79
 77 78
 77 79
 77 80
 78 79
 77 81
 79 80
 79 81
 79 82
 80 81
 79 83
 81 82
 81 83
 81 84
 82 83
 81 85
 83 84
 83 85
 83 86
 84 85
 83 87
 85 86
 85 87
 85 88
 86 87
 85 89
 87 88
 87 89
 87 90
 88 89
 87 91
 89 90
 89 91
 89 92
 91 92
 91 93
 91 94
 92 93
 92 94
 92 95
 93 94
 92 96
 94 95
 94 96
 94 97
 95 96
 94 98
 96 97
 96 98
 96 99
 97 98
 96 100
 98 99
 98 100
 98 101
 99 100
 98 102
 100 101
 100 102
 100 103
 102 103
 102 104
 102 105
 103 104
 103 105
 103 106
 104 105
 103 107
 105 106
 105 107
 105 108
 106 107
 105 109
 107 108
 107 109
 107 110
 108 109
 107 111
 109 110
 109 111
 109 112
 110 111
 109 113
 111 112
 111 113
 111 114
 112 113
 111 115
 113 114
 113 115
 113 116
 114 115
 113 117
 115 116
 115 117
 115 118
 116 117
 115 119
 117 118
 117 119
 117 120
 118 119
 117 121
 119 120
 119 121
 119 122
 120 121
 119 123
 121 122
 121 123
 121 124
 122 123
 121 125
 123 124
 123 125
 123 126
 124 125
 123 127
 125 126
 125 127
 125 128
 126 127
 125 129
 127 128
 127 129
 127 130
 128 129
 127 131
 129 130
 129 131
 129 132
 130 131
 129 133
 131 132
 131 133
 131 134
 132 133
 131 135
 133 134
 133 135
 133 136
 134 135
 133 137
 135 136
 135 137
 135 138
 136 137
 135 139
 137 138
 137 139
 137 140
 138 139
 137 141
 139 140
 139 141
 139 142
 140 141
 139 143
 141 142
 141 143
 141 144
 142 143
 141 145
 143 144
 143 145
 143 146
 145 146
