106 142.510948
0 -19.633000 -12.363000 -3.047000
2 -21.094000 -15.427000 -1.233000
4 -21.819000 -13.134000 1.757000
5 -20.759000 -10.008000 -0.187000
7 -17.206000 -11.003000 0.353000
9 -15.701000 -8.806000 -2.263000
11 -11.992000 -9.139000 -1.864000
13 -9.834000 -10.386000 -4.822000
15 -6.157000 -10.978000 -4.642000
17 -3.846000 -10.014000 -7.595000
19 -0.111000 -10.130000 -8.458000
21 2.200000 -7.325000 -9.261000
23 5.794000 -7.502000 -10.682000
25 8.136000 -4.574000 -9.961000
27 11.968000 -4.132000 -9.652000
29 13.744000 -5.295000 -6.476000
31 14.640000 -1.715000 -5.452000
33 11.089000 -0.388000 -5.634000
35 9.927000 -3.266000 -3.393000
37 12.759000 -2.356000 -1.027000
39 11.894000 1.372000 -1.009000
41 8.104000 0.886000 -0.522000
43 8.914000 -1.571000 2.340000
45 11.188000 1.000000 3.991000
47 8.704000 3.896000 3.606000
49 5.564000 1.786000 4.498000
51 7.505000 0.724000 7.608000
53 8.590000 4.352000 8.210000
55 4.921000 5.462000 7.944000
57 3.765000 2.690000 10.383000
58 1.771000 0.581000 7.903000
60 1.947000 -2.712000 5.992000
62 2.998000 -2.440000 2.252000
64 -0.512000 -3.315000 1.019000
66 -2.141000 -0.232000 2.719000
68 0.719000 2.099000 1.566000
70 0.287000 1.228000 -2.229000
72 -3.516000 1.087000 -1.765000
74 -3.695000 4.676000 -0.479000
76 -1.084000 6.079000 -2.931000
78 -3.209000 4.722000 -5.804000
80 -6.481000 6.199000 -4.456000
82 -4.765000 9.543000 -3.754000
84 -4.624000 9.847000 -7.581000
86 -8.277000 8.638000 -7.631000
88 -9.227000 12.104000 -6.128000
90 -8.522000 13.591000 -9.624000
92 -10.663000 10.641000 -10.907000
94 -10.395000 11.874000 -14.501000
95 -7.449000 9.847000 -15.910000
97 -6.646000 9.423000 -12.171000
99 -4.305000 12.391000 -11.691000
100 -3.033000 12.475000 -15.294000
102 20.117000 -10.113000 -10.851000
104 21.847000 -13.265000 -12.182000
106 21.415000 -11.719000 -15.656000
107 20.107000 -8.363000 -14.241000
109 16.763000 -10.035000 -13.736000
111 15.719000 -7.871000 -10.766000
113 11.978000 -8.585000 -11.105000
115 10.059000 -10.170000 -8.173000
117 6.326000 -10.855000 -8.047000
119 4.035000 -10.114000 -5.050000
121 0.332000 -10.473000 -4.195000
123 -2.114000 -7.863000 -2.831000
125 -5.830000 -7.974000 -1.882000
127 -8.019000 -4.904000 -2.317000
129 -11.859000 -4.546000 -2.207000
131 -13.340000 -5.526000 -5.607000
133 -14.685000 -2.031000 -6.358000
135 -11.188000 -0.505000 -5.936000
137 -9.151000 -2.975000 -8.013000
139 -12.017000 -3.088000 -10.564000
141 -12.020000 0.737000 -10.932000
143 -8.202000 0.538000 -11.099000
145 -8.557000 -1.793000 -14.126000
147 -11.087000 0.608000 -15.696000
149 -9.012000 3.775000 -15.167000
151 -5.682000 2.074000 -15.986000
153 -7.196000 1.067000 -19.396000
155 -8.535000 4.631000 -19.769000
157 -4.940000 5.871000 -19.078000
159 -3.675000 3.387000 -21.749000
160 -1.431000 1.467000 -19.318000
162 -1.881000 -2.054000 -18.074000
164 -2.639000 -2.223000 -14.303000
166 0.915000 -3.033000 -13.047000
168 2.375000 -0.038000 -14.911000
170 -0.404000 2.347000 -13.698000
172 0.008000 1.454000 -9.928000
174 3.850000 1.402000 -10.420000
176 3.900000 5.008000 -11.706000
178 1.340000 6.276000 -9.198000
180 3.509000 4.893000 -6.328000
182 6.659000 6.438000 -7.939000
184 4.768000 9.782000 -8.286000
186 4.196000 9.590000 -4.478000
188 7.933000 8.694000 -4.144000
190 8.844000 12.091000 -5.658000
192 7.760000 13.552000 -2.263000
194 10.532000 11.221000 -0.897000
196 10.285000 12.758000 2.622000
197 8.334000 9.956000 4.397000
199 6.569000 9.830000 1.048000
201 4.303000 12.711000 1.263000
202 4.876000 13.809000 4.848000
