76 114.928949
0 26.266000 25.413000 2.842000
2 26.850000 29.021000 3.898000
4 26.235000 30.058000 7.497000
6 26.772000 33.436000 9.197000
8 28.605000 33.965000 12.503000
10 27.691000 37.315000 14.143000
12 30.225000 38.643000 16.662000
14 29.607000 41.180000 19.467000
16 31.422000 43.940000 17.553000
18 28.978000 43.960000 14.678000
19 31.191000 42.012000 12.331000
21 29.542000 39.020000 10.653000
23 31.720000 36.289000 9.176000
25 30.505000 33.884000 6.512000
27 31.677000 30.275000 6.639000
29 31.220000 27.341000 4.275000
31 30.288000 24.245000 6.193000
33 28.468000 20.940000 5.980000
35 25.829000 19.825000 8.494000
37 28.054000 16.835000 9.210000
39 30.796000 19.083000 10.566000
41 31.398000 19.064000 14.286000
43 31.288000 22.201000 16.417000
45 35.031000 21.722000 17.069000
47 35.590000 21.945000 13.302000
49 33.533000 25.097000 12.978000
51 35.596000 26.715000 15.736000
53 38.794000 25.761000 13.880000
55 37.471000 27.391000 10.668000
57 36.731000 30.570000 12.645000
59 40.269000 30.508000 14.115000
61 41.718000 30.022000 10.643000
63 39.808000 32.994000 9.233000
65 39.676000 35.547000 12.072000
67 42.345000 34.269000 14.431000
68 40.226000 33.716000 17.509000
70 41.461000 30.751000 19.594000
72 38.817000 28.020000 19.889000
74 39.063000 28.063000 23.695000
76 37.738000 31.637000 23.712000
78 34.738000 30.875000 21.473000
80 31.200000 30.329000 22.780000
82 28.762000 29.573000 19.906000
84 25.034000 30.170000 20.401000
86 22.126000 29.062000 18.183000
88 18.443000 29.143000 19.083000
90 19.399000 29.894000 22.655000
91 21.550000 26.796000 23.133000
93 25.349000 26.872000 23.643000
95 26.826000 24.521000 21.012000
97 29.015000 21.657000 22.288000
99 32.262000 20.670000 20.514000
101 31.568000 16.962000 19.825000
102 28.108000 17.439000 18.276000
104 27.574000 18.192000 14.563000
106 25.594000 21.109000 13.072000
108 22.924000 18.583000 12.025000
110 22.418000 17.638000 15.693000
112 21.079000 21.149000 16.251000
114 19.065000 21.352000 12.999000
116 21.184000 24.263000 11.690000
118 20.081000 24.773000 8.033000
120 21.656000 26.847000 5.240000
122 21.907000 30.563000 5.881000
124 21.419000 30.253000 9.620000
126 23.212000 32.762000 11.891000
128 25.149000 31.609000 14.980000
130 26.179000 34.127000 17.650000
132 29.801000 34.145000 18.829000
134 30.479000 35.369000 22.374000
136 34.145000 35.472000 23.481000
138 35.161000 34.174000 26.896000
140 38.668000 35.502000 27.680000
142 40.873000 33.802000 30.253000
144 41.845000 36.550000 32.686000
145 40.373000 39.813000 33.944000
